Number,Id,Title,Upvotes,Upvote Ratio,Comments,Timestamp,Total Votes,Downvotes,Engagement
1,1ahbbp2,Weekly VR - What Did you Play?,3,0.81,19,2024-02-02 19:01:15,3,0,22
2,1amvqvt,Weekly VR - What Did you Play?,3,1.0,7,2024-02-09 19:01:15,3,0,10
3,1aqnapr,Every VR subreddit,185,0.94,34,2024-02-14 13:49:08,196,11,230
4,1aq8eu0,"Mark Zuckerberg on Instagram: ""I tried Vision Pro. Here's my take ...""",445,0.9,437,2024-02-13 23:46:23,494,49,931
5,1aps10e,"These Apple Vision Pro mods are getting wild, this looks like the hololens military edition ",1148,0.92,152,2024-02-13 12:13:41,1247,99,1399
6,1aqqa6o,"Meta gave Max Mustard the greenlight to skip AppLab and launch directly on the store March 21, 24!",4,1.0,2,2024-02-14 15:59:32,4,0,6
7,1aq8bzc,My father is going to pass soon and I want to take some VR footage/spatial video as a memory.,56,0.87,37,2024-02-13 23:43:02,64,8,101
8,1apmcvu,Most breath taking thing I‚Äôve seen done in the meta quest 3,1006,0.94,128,2024-02-13 05:54:17,1070,64,1198
9,1aqp9y6,"You say you like VR and like fighting in PvP, then our game is perfect for you, and we are hosting a tournament RIGHT NOW @ vfcgame.com to learn more",0,0.5,0,2024-02-14 15:17:13,0,0,0
10,1aqp8p0,Star Wars Squadrons is now $1.99! Spoiler: It's worth it!,0,0.5,1,2024-02-14 15:15:42,0,0,1
11,1aqojgl,Wants & Need in a Hypothetical Ideal VR Game Engine,1,1.0,4,2024-02-14 14:45:27,1,0,5
12,1aqi6tj,One week with the Vision Pro,2,0.53,10,2024-02-14 08:31:52,3,1,13
13,1aq2cz1,Opinion: Apple's Persona looks like a hologram you might find on a tombstone.,30,0.64,34,2024-02-13 19:37:36,46,16,80
14,1aql72c,kiwi head strap with headphones,1,0.66,1,2024-02-14 11:57:56,1,0,2
15,1aql3s4,Best cam for vr Videos,1,0.67,4,2024-02-14 11:52:18,1,0,5
16,1apwyz6,I am truly sorry Bruce Lee,38,0.81,9,2024-02-13 16:03:44,46,8,55
17,1aqhqv9,How can I start to be a VR developer in Unity?,1,0.56,8,2024-02-14 08:01:12,1,0,9
18,1aqk9cg,"Different PD per eye, what to choose?",2,0.75,11,2024-02-14 10:59:40,2,0,13
19,1aq86qt,"Having been a DK1 to Quest 3 user, I just tried the AVP and here are my impressions",8,0.62,7,2024-02-13 23:36:50,12,4,19
20,1aq53jx,Exploring a Sinking Titanic üõ≥Ô∏è in VR! - INSTANT HEART ATTACK! | Quest 3 |,10,0.65,8,2024-02-13 21:28:31,15,5,23
21,1aqnsx0,4070 super not compatible with wmr? is there any way i can bypass this?,0,0.25,3,2024-02-14 14:12:25,0,0,3
22,1aqcssx,Tips for getting good performance with UEVR (game in question Talos Principle 2),4,0.83,3,2024-02-14 03:13:09,4,0,7
23,1aqbtq1,People who own the Quest 3 - how much storage are you using? Is 128GB too little for VR games?,5,0.69,21,2024-02-14 02:24:53,7,2,28
24,1apr9no,Pimax survey reveals the 12K will arrive in Q1 2025! (below the third question),47,0.84,98,2024-02-13 11:28:12,55,8,153
25,1aqfav5,Why dont many headsets use infrared controllers so they can be used in the dark,1,0.54,12,2024-02-14 05:26:09,1,0,13
26,1ap5hfk,"That one ""what headset should I buy?"" guy...",721,0.91,125,2024-02-12 17:27:56,792,71,917
27,1aqeoa1,"At this stage, what's the top recommended headstrap for the budget conscious Quest 3 owner?",1,0.67,7,2024-02-14 04:51:25,1,0,8
28,1apro47,Does anyone remember this headset? (UNAI vr headset),19,0.89,6,2024-02-13 11:52:49,21,2,27
29,1apz9k7,"VR # AVOID - Upcoming physically challenging VR game, Steam page online",6,0.69,9,2024-02-13 17:35:07,8,2,17
30,1apyw6g,How good are steam games on Quest 3?,8,0.75,21,2024-02-13 17:20:18,10,2,31
31,1aqc02e,cheap vr for pc?,2,0.6,21,2024-02-14 02:33:28,3,1,24
32,1apqvf5,"Road Rules 101: Don't Text, Don't Call, and Don't Apple Vision Pro",18,0.75,5,2024-02-13 11:02:33,24,6,29
33,1aq9wl9,Flight Over Skyscraper experience,0,0.33,0,2024-02-14 00:52:48,0,0,0
34,1apblma,AVP Vs Meta Quest 3 Handtracking Test,153,0.82,119,2024-02-12 21:29:52,186,33,305
35,1apt2fm,We're a small indie studio making a new VR game. Help us playtest it!,9,0.91,2,2024-02-13 13:08:40,9,0,11
36,1apm8ip,Streaming with ALVR to Quest 2 across the country,28,0.87,10,2024-02-13 05:47:22,32,4,42
37,1aq2lk7,Traveling with PCVR,2,1.0,5,2024-02-13 19:47:15,2,0,7
38,1aq7dt1,What would you want from a VR Lord of the Rings game?,1,0.56,21,2024-02-13 23:02:42,1,0,22
39,1apvbw6,What are the best VR arcade machines?,4,1.0,5,2024-02-13 14:54:58,4,0,9
40,1apnzk0,We've been working on a Spatial UI Library for the web. Here's what you can do with it.,16,0.94,0,2024-02-13 07:36:40,17,1,17
41,1apnrcq,Why doesn't the beyond VR headset have competition?,17,0.72,50,2024-02-13 07:20:52,23,6,73
42,1aq4emt,Immersion of phone VR.,0,0.5,8,2024-02-13 21:00:29,0,0,8
43,1aq3yf7,"Made a whole account even though i dont use reddit to say this, Arizona Sunshine 2‚Äôs quest 3 update is disappointing as hell",0,0.5,5,2024-02-13 20:42:07,0,0,5
44,1aprvz4,Don't miss out PatchWorld weekly workshop Today 7AM PST /4PM CET,3,0.64,2,2024-02-13 12:05:29,4,1,6
45,1apuhuf,Blind people: does VR/AR help you see better?,1,0.51,44,2024-02-13 14:16:36,1,0,45
46,1apxn92,AR device to replace my laptop screen?,1,1.0,2,2024-02-13 16:30:42,1,0,3
47,1aqbb9a,Has VR been underwhelming for a noobie?,0,0.29,16,2024-02-14 02:00:08,0,0,16
48,1aq7316,What vr should I get,0,0.17,11,2024-02-13 22:50:22,0,0,11
49,1apveqb,How to get apps on Lenovo Mirage VR S3,1,0.67,1,2024-02-13 14:58:44,1,0,2
50,1apvdnp,"Jigspace got over 14,000 installs within a week on the Vision Pro",0,0.5,2,2024-02-13 14:57:14,0,0,2
51,1ap798o,See you in 2025,44,0.92,2,2024-02-12 18:38:23,47,3,49
52,1apo4vb,How important is storage space in Meta Quest 3?,3,0.64,10,2024-02-13 07:47:20,4,1,14
53,1aothq9,At last... 1 million members,312,0.93,29,2024-02-12 06:24:18,335,23,364
54,1apyq0r,Virtual Desktop settings recommendations for Quest 3,0,0.25,4,2024-02-13 17:13:29,0,0,4
55,1aq1yq8,Update with my vr title,0,0.38,4,2024-02-13 19:21:25,0,0,4
56,1apt1n8,SteamVR 2.0 Base Station and HTC Vive,0,0.5,6,2024-02-13 13:07:31,0,0,6
57,1apcts9,Micro OLED! What options do we have right now?,13,0.81,44,2024-02-12 22:19:29,16,3,60
58,1aoxr2t,2024 VR hardware releases,83,0.95,97,2024-02-12 11:19:32,87,4,184
59,1aq35s7,Good AR headsets for MacOS,0,0.39,17,2024-02-13 20:09:59,0,0,17
60,1apqhvy,Just watched a cool demo of Vision Pro style immersive videos on my Quest 3,1,0.57,2,2024-02-13 10:37:16,1,0,3
61,1aphcr4,"I really need help.. I don‚Äôt know what to do anymore.. my vr ‚Äústarts up‚Äù but it ends with just a black screen in the hmd, and it crashes apps..",5,0.86,3,2024-02-13 01:40:38,5,0,8
62,1ap56hz,"People said Bigscreen Beyond has serious glare. How when compare with Index, or Q2?",22,0.87,54,2024-02-12 17:15:39,25,3,79
63,1apwkg8,„Ç¶„Ç®„Çπ„Éà „ÉØ„Éº„É´„Éâ„ÅÆÊÅê„Çç„Åó„ÅÑ‰∏ñÁïå #„Éõ„É©„Éº„Ç≤„Éº„É† #ÊÄñ„ÅÑ #metaquest #westworldawakening,0,0.33,0,2024-02-13 15:47:14,0,0,0
64,1ap884y,"Z.O.N.A Project X‚ÄîPCVR: Continuously improving with your feedback! Added trading, item looting, hunger system, weapon damage visualization, and game optimization. We're always listening!",14,0.85,6,2024-02-12 19:17:15,16,2,22
65,1apeehp,Actually in tears right now,6,0.61,10,2024-02-12 23:25:58,9,3,19
66,1app9ny,Need help finding a new vr,0,0.33,6,2024-02-13 09:09:17,0,0,6
67,1aposzu,Virtual Reality Headset Compare,0,0.5,2,2024-02-13 08:35:50,0,0,2
68,1aposcv,VR Lag issues.,0,0.5,2,2024-02-13 08:34:42,0,0,2
69,1ape3sx,Which PCVR Backrooms game is better to play solo?,6,0.87,1,2024-02-12 23:13:20,6,0,7
70,1ap6drp,Do any of you guys feel one thig holding the industry back is that AVG folks can never get to try/demo VR easily anywhere.,13,0.78,22,2024-02-12 18:03:47,16,3,38
71,1apjk89,(AAA VR) F1 2023 is on 75% discount on Steam,1,0.56,3,2024-02-13 03:26:42,1,0,4
72,1apgpyj,"PC games to VR mods brainstorm / dev suggestions - what would make 1st person mode more ""playable"" for VR modded games that are not normally 1st person?",3,1.0,3,2024-02-13 01:10:42,3,0,6
73,1apnkmd,Virtual Assistant,1,1.0,1,2024-02-13 07:08:18,1,0,2
74,1aqchbf,Zuckerberg hot takes on Vision Pro point by point,0,0.25,27,2024-02-14 02:57:32,0,0,27
75,1apg5d1,User Pimax 5k super or Quest 3?,4,0.75,20,2024-02-13 00:44:07,5,1,25
76,1apu12x,SlimeVR + Freestyle dance = True ü•∞üí™ü§™,0,0.43,3,2024-02-13 13:55:15,0,0,3
77,1apdssm,luke ross AER v2 vs praydogs uevr Which is better??,3,0.71,6,2024-02-12 23:00:34,4,1,10
78,1apbcys,The History of the Future - VR Documentary,4,0.83,2,2024-02-12 21:20:08,4,0,6
79,1ap6lz9,How big is performance hit from VR?,8,0.83,29,2024-02-12 18:12:56,9,1,38
80,1apkrx7,Is it possible to develop apps on both Quest 3 and Apple Vision Pro?,1,0.6,4,2024-02-13 04:28:04,1,0,5
81,1apnwm7,Is the Meta Quest 3 the best thing out there?,0,0.46,28,2024-02-13 07:30:55,0,0,28
82,1apneic,Any way to look at the internet while playing VR without have to pause?,0,0.33,6,2024-02-13 06:57:39,0,0,6
83,1apae3p,Low temperature thermoplastic face head strap?,3,0.81,4,2024-02-12 20:41:49,3,0,7
84,1ap1tvj,Introducing Medicalholodeck AI: Transform DICOM Data with Rapid Auto-Segmentation for Surgical Training and Anatomy Education,7,1.0,5,2024-02-12 14:55:34,7,0,12
85,1apgyot,Upgrading my vr setup,0,0.5,1,2024-02-13 01:22:03,0,0,1
86,1ap290s,We made a web app for virtual avatar content creation. Come try it :),5,0.73,5,2024-02-12 15:14:21,6,1,11
87,1apg5t2,Oculus grip not registering,0,0.5,0,2024-02-13 00:44:39,0,0,0
88,1aos8ed,Big screen beyond worth it over the quest 3?,30,0.77,94,2024-02-12 05:10:52,38,8,132
89,1aop71i,*heavy breathing* Almost... there...,47,0.89,4,2024-02-12 02:21:45,52,5,56
90,1apdrsp,No room customization PCVR passthrough?,0,0.5,1,2024-02-12 22:59:28,0,0,1
91,1aomqq8,How launch,57,0.74,24,2024-02-12 00:13:15,77,20,101
92,1apbv1q,Goovis G3 Max,1,1.0,0,2024-02-12 21:40:26,1,0,1
93,1aowmbk,Anybody remember that guy? :D,7,0.71,3,2024-02-12 10:02:36,9,2,12
94,1apay5l,Looking for VR/AR advertisement,1,1.0,2,2024-02-12 21:03:39,1,0,3
95,1aoq4cm,What headset should I aim towards since WMR is dying?,26,0.87,52,2024-02-12 03:12:56,29,3,81
96,1apabqs,Which VR headset is considered better?,0,0.33,16,2024-02-12 20:39:19,0,0,16
97,1aog3tk,Why amount of discussion about Fov of headsets are low?,101,0.76,157,2024-02-11 19:25:09,132,31,289
98,1aoj23v,3D movies are unexpectedly cool,72,0.81,92,2024-02-11 21:28:45,88,16,180
99,1ap8xw0,"[Academic] Invitation - International research on 360-degree images - S√£o Paulo State University, Brazil (All welcome)",1,1.0,1,2024-02-12 19:45:22,1,0,2
100,1aomf4l,Space Docker VR [Update 1.30 Release Trailer],36,0.97,13,2024-02-11 23:58:00,37,1,50
101,1apludr,Could I make money shooting VR porn with my Quest 3?,0,0.22,7,2024-02-13 05:25:01,0,0,7
102,1ap0lx1,Pimax 5k+ in 2024?,2,0.75,7,2024-02-12 13:58:25,2,0,9
103,1ao90li,Impressions from the PCVR version of Vampire: The Masquerade - Justice. Screenshots taken while playing the game,150,0.93,38,2024-02-11 14:21:26,161,11,199
104,1apgluz,Does your nose hurt with APV? Check out this Extra Band for Vision Pro.,0,0.42,9,2024-02-13 01:05:18,0,0,9
105,1ap5cqd,Viewing 3D/CAD Models in AR or VR,1,1.0,3,2024-02-12 17:22:39,1,0,4
106,1apdlfu,Purchase Advice,0,0.33,4,2024-02-12 22:51:44,0,0,4
107,1ap3zht,Need help! What sensors are present on your headset?,0,0.5,3,2024-02-12 16:28:07,0,0,3
108,1ap3x1l,Original HTC Vive + GTX 970 VS Quest 3 Standalone,0,0.4,7,2024-02-12 16:25:15,0,0,7
109,1ap3sm6,RTX 4090 Quest 2 Settings,0,0.33,4,2024-02-12 16:20:28,0,0,4
110,1aoj2ik,San Andreas VR! Animated cutscenes,30,0.86,5,2024-02-11 21:29:13,34,4,39
111,1aplbkg,Shrek is in Gorilla Tag?!?,0,0.13,2,2024-02-13 04:57:18,0,0,2
112,1ao6j0i,Would you like to have a VR tour of the surgical procedure before the actual surgery?,154,0.85,75,2024-02-11 12:07:14,181,27,256
113,1ap26e3,What are the best smart glasses for gaming?,1,0.6,8,2024-02-12 15:11:08,1,0,9
114,1apijtq,Apple Vision Link | The Dawn of Spatial Experiences,0,0.42,22,2024-02-13 02:38:01,0,0,22
115,1ap6a8a,"Want to try PCVR without spending too much money, should I buy a quest 2 or will a quest 1 suffice?",0,0.5,12,2024-02-12 18:00:13,0,0,12
116,1aozwrf,What first vr should I buy?,0,0.5,28,2024-02-12 13:22:42,0,0,28
117,1aoq7c9,What's some features and designs you would like to see in the upcoming Samsung Mixed Reality Headset? üòé,7,1.0,7,2024-02-12 03:18:02,7,0,14
118,1apkk6c,will there ever be another pcvr headset?,0,0.27,17,2024-02-13 04:16:38,0,0,17
119,1aoza7b,PSVR and Oculus,0,0.4,3,2024-02-12 12:49:59,0,0,3
120,1ap9ra2,I have a Rift S and I'm unhappy about the 80hz. Will a Vive Pro fill my void?,0,0.36,22,2024-02-12 20:16:42,0,0,22
121,1aoyu6h,Looking for VR Gamers,1,0.67,2,2024-02-12 12:24:45,1,0,3
122,1aom6dz,Check out Retropolis dot.Line - our Free-to-Play Mixed Reality game set in the world of Retropolis!,10,0.92,0,2024-02-11 23:45:47,10,0,10
123,1aoxnc6,Modding/upgrading quest 2 cameras for higher res and color,0,0.33,6,2024-02-12 11:12:42,0,0,6
124,1aole1f,Hoping Praydog will make a Silent Hill 2 remake VR mod,9,0.77,9,2024-02-11 23:08:56,11,2,20
125,1ap0zu4,How does ping work in vr,0,0.33,5,2024-02-12 14:16:47,0,0,5
126,1aowigc,Remove unwanted apps and games from Quest 3?,1,0.6,10,2024-02-12 09:55:40,1,0,11
127,1aowef6,How do I get back in my game,1,1.0,1,2024-02-12 09:47:35,1,0,2
128,1aovne2,What we experience shape up who we are. How can we design better social virtual reality experiences?,0,0.5,1,2024-02-12 08:51:51,0,0,1
129,1aovl2n,Can‚Äôt move after teleporting in vertigo 2,1,1.0,0,2024-02-12 08:46:50,1,0,1
130,1aovjjn,Built a spatial design library to help designers do faster research and benchmark experiences. Live on Product Hunt now!,1,1.0,1,2024-02-12 08:43:39,1,0,2
131,1aov5g6,"Disable App menu when entering passthrough, Quest 3.",0,0.5,0,2024-02-12 08:15:32,0,0,0
132,1aoupf4,3D Cars in VR?,1,1.0,5,2024-02-12 07:44:15,1,0,6
133,1aoqszr,Any good leg cardio games?,2,0.67,16,2024-02-12 03:53:45,2,0,18
134,1ap5960,Which is the best VR goggles as of today 2024?,0,0.1,14,2024-02-12 17:18:40,0,0,14
135,1ao42fb,You just got pulled into the world of the last VR game you played ‚Äî how screwed are you?,47,0.74,206,2024-02-11 09:20:14,63,16,269
136,1ap63ic,Helicopter turret game?,0,0.13,1,2024-02-12 17:52:41,0,0,1
137,1aoxsbk,Apple rebranding things to make them seem new and not being completely honest in marketing.,0,0.49,84,2024-02-12 11:21:39,0,0,84
138,1ao9h9n,Will the Reverb G2 V2 work after the WMR removal?,10,0.86,24,2024-02-11 14:43:38,11,1,35
139,1aoldyu,What type of game would you like to see in VR,2,0.63,39,2024-02-11 23:08:52,3,1,42
140,1aoe38i,"Quest 3 at 90hz, X-plane 12/4090 with 13600k (smooth) vs 7800x3d (jerky)",5,0.86,1,2024-02-11 18:00:32,5,0,6
141,1ane87k,Blind guy tries the Apple Vision Pro,1308,0.9,174,2024-02-10 11:23:53,1453,145,1627
142,1ap0x27,Check out my video on the surprising features of the vision pro,0,0.2,1,2024-02-12 14:13:10,0,0,1
143,1aok75s,Is there passthrough games on steamvr ?,2,0.75,12,2024-02-11 22:17:45,2,0,14
144,1aod0lj,Post Spinal Surgery: Any Recs for Consumer-Level VR for Business Productivity?,4,0.84,4,2024-02-11 17:15:03,4,0,8
145,1aogjin,Bonelab & Boneworks campaign mods?,4,0.75,2,2024-02-11 19:43:29,5,1,7
146,1aoan6s,Incoming Windows 11 Update in 2024 will render the HP Reverb G2 Unusable! | What You Need to Know!,5,0.65,0,2024-02-11 15:35:20,7,2,7
147,1ap3np7,With Meta Fans Dominating this Sub - How Trustworthy is Meta Quest Related Information?,0,0.35,42,2024-02-12 16:14:54,0,0,42
148,1aoteai,Potentially buying VR headset.,0,0.2,0,2024-02-12 06:18:29,0,0,0
149,1aobzqz,HP Reverb G2 V2 - Worth it in 2024?,4,0.55,80,2024-02-11 16:32:10,7,3,87
150,1apb1ug,would you consider the VR space dead?,0,0.09,41,2024-02-12 21:07:39,0,0,41
151,1aol47i,Windows 10 WMR,1,0.67,5,2024-02-11 22:57:03,1,0,6
152,1anplqr,AMD is killing it with VR performance.,114,0.78,87,2024-02-10 20:30:07,146,32,233
153,1aoep0x,AR advice,2,0.67,23,2024-02-11 18:25:37,2,0,25
154,1aojwsx,What headset to upgrade to?,0,0.33,8,2024-02-11 22:05:19,0,0,8
155,1aojtil,Queat 3 usbc-Y cable for external headphone and loading at the same time?,0,0.5,0,2024-02-11 22:01:21,0,0,0
156,1aodjmi,Do I need a good PC to run games on the Quest 3?,2,0.63,9,2024-02-11 17:37:34,3,1,12
157,1ao6a6h,Creating a VR streaming platform,5,0.78,10,2024-02-11 11:51:58,6,1,16
158,1ao861m,The importance of develop VR apps,2,0.63,6,2024-02-11 13:39:32,3,1,9
159,1aoa4xr,"Got a Valve index kit + 2 base station + 3 vive trackers 3.0 for 950‚Ç¨, good deal ?",2,0.55,9,2024-02-11 15:12:50,3,1,12
160,1anqwbb,What will the future of VR games be?,46,0.86,59,2024-02-10 21:28:26,53,7,112
161,1aovjte,"Fresnel lenses can melt rocks, so is it possible to fry someone‚Äôs eyes with VR goggles?",0,0.15,16,2024-02-12 08:44:17,0,0,16
162,1aod5rk,Skyrim VR MOD recommendations?,0,0.43,5,2024-02-11 17:21:16,0,0,5
163,1aocw5r,How do i play PCVR,1,0.67,4,2024-02-11 17:09:45,1,0,5
164,1an9gbr,Finally got a vision pro.,652,0.93,80,2024-02-10 05:59:08,701,49,781
165,1ao6bw1,Kat Walk C2 Core on the Meta Quest 3 standalone.,2,0.75,1,2024-02-11 11:55:09,2,0,3
166,1aoai92,First VR Headset - What accessories should I get for the Quest 3?,0,0.5,6,2024-02-11 15:29:23,0,0,6
167,1anlhzy,I'm Surprised there arent any good MMORPGs for VR,54,0.76,82,2024-02-10 17:29:49,71,17,153
168,1ao82zx,Finally got my Beyond!,1,0.6,3,2024-02-11 13:35:00,1,0,4
169,1annwdt,"It should‚Äôve been fixed ages ago, don‚Äôt think yall care üëÄ",27,0.72,16,2024-02-10 19:15:24,37,10,53
170,1anyn1n,Pimax 8Kx,3,0.64,8,2024-02-11 03:42:14,4,1,12
171,1ao4by8,Looking for advice on VR headset,0,0.5,6,2024-02-11 09:39:18,0,0,6
172,1ao42r2,Where to buy Vive 3.0 Trackers,1,1.0,4,2024-02-11 09:20:55,1,0,5
173,1ao6yi1,Random price change for quest 3 on Amazon AU,0,0.44,6,2024-02-11 12:33:09,0,0,6
174,1anoxjj,Is VR still good with one (functioning) eye?,10,0.75,16,2024-02-10 20:00:36,13,3,29
175,1aobn6u,Do affordable carpets exists for PCVR ?,0,0.35,9,2024-02-11 16:17:54,0,0,9
176,1ankmst,"ASMR Playground, a Mixed Reality meditation experience with over 10 hours of music, meditations, and teachings. Spawn in dozens of interactable items and work stations anywhere in your VR Space! 100+ ASMR speaker loops and over 25 plants and flowers to build a custom retreat!",13,0.79,5,2024-02-10 16:52:20,16,3,21
177,1any0ud,Is Quest 2 still a good VR headset in 2024?,2,0.6,17,2024-02-11 03:09:13,3,1,20
178,1ao4zw5,Are there any VR apps for iPhone?,0,0.25,1,2024-02-11 10:25:46,0,0,1
179,1anja8i,"Trying to find ""3D"" videos (sbs, with depth), any help?",16,0.94,18,2024-02-10 15:51:06,17,1,35
180,1annp9e,I have a Quest 3. Can I play or do anything with my father who owns an Apple Vision Pro?,8,0.66,12,2024-02-10 19:06:38,12,4,24
181,1ano936,Gmod vr very pixelated?,6,0.72,16,2024-02-10 19:31:16,8,2,24
182,1anlzbg,I love that there‚Äôs a place for anyone in VR,9,0.76,4,2024-02-10 17:50:39,11,2,15
183,1amx41x,Christian pastor Mark Driscoll reaction to the Vision Pro is the best so far!!! ,442,0.77,352,2024-02-09 20:00:22,574,132,926
184,1ao2swe,Questions about quest 3.,0,0.25,8,2024-02-11 07:52:24,0,0,8
185,1angxg4,Blueplanet VR v2 - 40 new amazing scenes added to the 50 scenes in the base app - travel the world from home :-),13,0.93,7,2024-02-10 13:59:17,13,0,20
186,1anqwvy,Returning to vr after couple years,3,1.0,13,2024-02-10 21:29:11,3,0,16
187,1anyai8,How good is the eye tracking on Vision Pro and Quest Pro?,2,0.57,13,2024-02-11 03:23:40,3,1,16
188,1anodne,"Visit Madeira - in virtual reality, like you would be there in 360 3D videos of over 70 viewpoints. I as a developer and videographer traveled to Madeira and shot some incredible immersive 360 3D Videos for you to enjoy. Made in Unity, shot with Insta360 Pro 2 camera. Open to reviews and feedback!",3,0.81,3,2024-02-10 19:36:53,3,0,6
189,1ao88t6,Got a HTC Vive for 500$ good deal?,0,0.4,52,2024-02-11 13:43:27,0,0,52
190,1amtaie,The full statement of Ubisoft's CEO,431,0.95,286,2024-02-09 17:17:56,453,22,739
191,1an6qhe,Did anyone ever get ahold of a Gest (as in gesture)?,47,0.88,14,2024-02-10 03:24:25,53,6,67
192,1anglzd,"Just got my Bobo S3 Pro, here are some thoughts (it's good).",6,0.72,23,2024-02-10 13:42:58,8,2,31
193,1anyuq0,VR 360 Skyscraper Roller Coaster Experience,0,0.25,0,2024-02-11 03:54:03,0,0,0
194,1ankons,VR 360 videos with Immersive Sound,3,1.0,0,2024-02-10 16:54:41,3,0,3
195,1amxowz,PSA: Windows Mixed Reality (WMR) headsets no longer work with Windows 11 version 24H2 and newer,129,0.94,89,2024-02-09 20:24:53,137,8,226
196,1an1bhs,Something that i‚Äôve noticed: some people just really don‚Äôt wanna talk about the quest 3‚Äôs issues and attack others that dare to say that it is not the perfect.,70,0.66,132,2024-02-09 23:01:49,106,36,238
197,1amyqnv,Guilty.,93,0.83,15,2024-02-09 21:09:52,112,19,127
198,1anh4e9,We treated our 2-player asymmetric VR game finally with some ice levels,4,1.0,1,2024-02-10 14:08:05,4,0,5
199,1anr0vy,Had anyone made a augmented hand tracking thing for the Pico?,0,0.4,7,2024-02-10 21:34:10,0,0,7
200,1amkbhv,"Apple won‚Äôt let you screen record it, but this is what theater mode looks like in the Vision Pro",757,0.92,341,2024-02-09 09:25:55,822,65,1163
201,1anhwhk,Best price to performance GPU for VR? Where to find VR benchmarks? Lots of questions! (Max budget 1200 euro),4,0.83,19,2024-02-10 14:46:47,4,0,23
202,1antybo,What new tethered options will we see in the next couple of years?,0,0.48,151,2024-02-10 23:45:54,0,0,151
203,1anow6i,Best headset for PCVR under $2k? No sim games,0,0.5,9,2024-02-10 19:59:06,0,0,9
204,1angxz8,"bizarre break, any fixes?",3,1.0,2,2024-02-10 14:00:00,3,0,5
205,1amou4m,Can't think of a better way to watch this movie (besides the actual theater),235,0.83,111,2024-02-09 14:03:01,283,48,394
206,1anmw94,"Really interested to dive in for the first time, which headset is the best for pcvr ?",0,0.4,15,2024-02-10 18:31:04,0,0,15
207,1amyueo,Devs we need a VR hang gliding game,49,0.83,15,2024-02-09 21:14:15,59,10,74
208,1anbqgx,Any PC VR Headsets for $600~ AUD?,6,0.71,15,2024-02-10 08:29:44,8,2,23
209,1anmdzl,Does anybody know why Creed keeps crashing?,1,0.57,10,2024-02-10 18:08:35,1,0,11
210,1anmbh8,Any good (and reasonably cheap) Video Display Glasses?,1,0.6,8,2024-02-10 18:05:26,1,0,9
211,1anvz1w,Status,0,0.25,3,2024-02-11 01:22:06,0,0,3
212,1anlu9x,Is sidequest optimizer a good substitute for QGO,0,0.43,5,2024-02-10 17:44:35,0,0,5
213,1amsxp5,I was so tired to be called a hacker and kicked from many lobbies...so I made a video on How to GIT GUD in VR FPS using Pavlov VR. What do you think?,93,0.8,45,2024-02-09 17:03:40,116,23,161
214,1anlilk,D-Day Enhanced - New Map Launch Event @ 2pm EST | Double XP!,1,1.0,1,2024-02-10 17:30:28,1,0,2
215,1anktp4,"I'm trying to get into PCVR, I have used options which should I choose?",1,0.6,19,2024-02-10 17:00:58,1,0,20
216,1ankqkt,Legendary Tales - Great VR Coop,0,0.5,2,2024-02-10 16:57:08,0,0,2
217,1ao3t2o,Are there any chances of brain damage due to VR use,0,0.19,33,2024-02-11 09:02:26,0,0,33
218,1amv1d4,Sony PSVR2 - Most Underrated VR Headset On The Market? I Think So.,56,0.66,236,2024-02-09 18:30:48,84,28,320
219,1anjwfl,Has anyone got spatial video working yet on the quest 3 who doesn't own any Apple products?,0,0.4,11,2024-02-10 16:18:50,0,0,11
220,1and4ab,HP Reverb G2 vs. the current market (upgrading),3,0.71,27,2024-02-10 10:06:53,4,1,31
221,1anj9cy,"Spacetop, the first AR laptop, is now available in the US! ü•≥",1,0.55,2,2024-02-10 15:50:05,1,0,3
222,1anigw9,Flock of the Low God VRÔºö„Éü„Çπ„ÉÜ„É™„Ç¢„Çπ„Çµ„Éê„Ç§„Éê„É´„Éõ„É©„Éº„Ç≤„Éº„É†,0,0.4,0,2024-02-10 15:13:44,0,0,0
223,1ansjvk,Phone VR: Back to the future?,0,0.36,16,2024-02-10 22:42:33,0,0,16
224,1an809c,ELI5: base stations/trackers,6,0.72,44,2024-02-10 04:34:59,8,2,52
225,1anz1lo,Valve Index or Quest 3?,0,0.21,24,2024-02-11 04:04:29,0,0,24
226,1angyks,Powerbank for HTC Vive wireless Kit?,0,0.5,3,2024-02-10 14:00:37,0,0,3
227,1anl1nh,Ive seen people talk about quest3 for gaming. What about index from valve? Whats better. The 1000‚Ç¨ index bundle and quest3?,0,0.43,25,2024-02-10 17:10:30,0,0,25
228,1ang3mt,Vision pro 3D scan,0,0.4,1,2024-02-10 13:16:06,0,0,1
229,1anfnos,playing 7k videos on quest 1.,0,0.5,2,2024-02-10 12:51:52,0,0,2
230,1amyzka,Narrative Espionage Thriller Heartshot Reaches PC VR Soon,15,0.91,6,2024-02-09 21:20:12,16,1,22
231,1amy74f,PCVR (SteamVR) VRchat running on Vision Pro wirelessly with index controllers (Using experimental ALVR support),19,0.72,11,2024-02-09 20:46:20,26,7,37
232,1an9f04,Theoretical BSB Eye+Face tracking limitations,3,0.81,3,2024-02-10 05:56:48,3,0,6
233,1amimik,Dude accidentally break his TV while playing VR,186,0.92,46,2024-02-09 07:24:07,202,16,248
234,1am96bb,A Half-Life: Alyx sequel* is in the works,748,0.96,286,2024-02-08 23:10:50,779,31,1065
235,1anyb33,How close are we to a full dive vr?,0,0.1,23,2024-02-11 03:24:34,0,0,23
236,1and8p8,What coating do quest 3/VR headset lenses have?,1,0.67,4,2024-02-10 10:15:32,1,0,5
237,1anlg2y,Vision Pro theater mode and floating movie screens,0,0.33,6,2024-02-10 17:27:29,0,0,6
238,1annzdr,Are WMR headsets just not good for modern PC gaming or is it just my performance?,0,0.18,7,2024-02-10 19:19:06,0,0,7
239,1amz88v,"Not the typical post you see here - but I used UE5 to create a testing tool to assess a user's effective field of vision using VR for the 'patient' and a spectator camera for the 'tester'. Dunno where else to share it, so if you have ideas what to do next with this, let me know.",10,1.0,2,2024-02-09 21:30:43,10,0,12
240,1anbkii,Really hoping for an update from Preydogs RE4VR mod that finally adds first person,1,1.0,0,2024-02-10 08:17:54,1,0,1
241,1anbffg,Anyone Using a Headphone Amp/DAC with Your VR Headset?,1,1.0,0,2024-02-10 08:07:45,1,0,1
242,1anb9k8,Please Suggest me A Good VR under budget!,0,0.43,21,2024-02-10 07:56:32,0,0,21
243,1anny60,Ubisoft backs away from VR after disappointing Assassin's Creed Nexus sales,0,0.27,10,2024-02-10 19:17:36,0,0,10
244,1anantf,viveport question!,1,1.0,2,2024-02-10 07:15:35,1,0,3
245,1amrf73,Down river kayaking,15,0.83,7,2024-02-09 16:00:49,18,3,25
246,1an665s,"Is the new quest 3 worth buying, or should i just get a new quest 2",2,0.75,4,2024-02-10 02:54:00,2,0,6
247,1amxt3v,What Pc and VR headset should I get for civilian style driving simulator?,6,0.87,10,2024-02-09 20:29:53,6,0,16
248,1am4f5r,"Assassin's Creed VR had poor sales, Ubisoft CEO says they won't be heavily investing in VR going forward.",556,0.97,536,2024-02-08 19:49:02,573,17,1109
249,1anhc11,How to study spatial computing?,0,0.31,7,2024-02-10 14:18:54,0,0,7
250,1an4lrd,PCVR: Getting super poor performance suddenly,2,1.0,11,2024-02-10 01:34:59,2,0,13
251,1an4j31,Looking for build advice/suggestions - VRPC For Index,2,1.0,0,2024-02-10 01:31:19,2,0,2
252,1amlx7b,"Would you like to learn new language in VR? Check out Mondly: Practice Languages in VR! Also, Discord server launch!",27,0.97,3,2024-02-09 11:19:43,27,0,30
253,1anevsi,Apple Vision Pro Hidden Feature ‚úàÔ∏è #protip - News,0,0.27,2,2024-02-10 12:05:47,0,0,2
254,1an6vtu,"Quest 2 Steam link, air link, connected with a ucb c, Bugging out and Skipping frames. This happens to me in every game while using a pc.",0,0.33,5,2024-02-10 03:32:47,0,0,5
255,1anjeog,"How is Apple Vision Pro outside of ""spacial computing""?",0,0.37,57,2024-02-10 15:56:41,0,0,57
256,1an62ky,"Newbie Need VR- My Head is spinning, which headset!",0,0.5,15,2024-02-10 02:48:42,0,0,15
257,1anpjai,I don‚Äôt think this is supposed to come off,0,0.14,17,2024-02-10 20:27:03,0,0,17
258,1am861y,Exclusives Are Bad for VR Overall,165,0.85,165,2024-02-08 22:26:50,194,29,359
259,1amx3ny,A good friend is one of the main creators of this game!!,3,0.72,0,2024-02-09 20:00:00,4,1,4
260,1amotd0,"ELI5 what's the difference between spatial video, sbs, volumetric, and all the other versions?",9,0.76,19,2024-02-09 14:02:06,11,2,30
261,1an971t,I want to learn some things about my career,0,0.25,0,2024-02-10 05:43:15,0,0,0
262,1amt6a0,"So now that Virtual Desktop supports upper body tracking data from the Quest 3, how do I use it in VRChat?",5,1.0,0,2024-02-09 17:13:13,5,0,5
263,1an4e8f,why does my q3 just refuse to work on pcvr,0,0.5,12,2024-02-10 01:24:43,0,0,12
264,1amwa0i,"NEW VR GAMES OUT THIS WEEK!! Quest 3, PSVR 2",3,1.0,0,2024-02-09 19:24:18,3,0,3
265,1amt19v,recommendations for a headset for somebody with prescription lenses,4,1.0,14,2024-02-09 17:07:42,4,0,18
266,1amf2na,I wish some of the VR games on 'dead' platforms would make their way to modern platforms,45,0.92,38,2024-02-09 03:55:18,48,3,86
267,1am28aa,"After 3 years, Dragon Fist: VR Kung Fu now has Multiplayer and is officially updated on the Meta Store & Steam!",266,0.98,3,2024-02-08 18:16:59,271,5,274
268,1anifis,"Can someone enlighten me what tech Tony Stark was using to achieve ""spatial computing"" without headsets?",0,0.2,31,2024-02-10 15:11:51,0,0,31
269,1amqpgm,Full dive Vr projects?,3,0.55,19,2024-02-09 15:29:25,5,2,24
270,1amvxur,MRTV teases PCVR headset with Apple Vision Pro quality displays and lenses!,2,0.53,35,2024-02-09 19:09:50,3,1,38
271,1am45jz,Ubisoft won‚Äôt increase VR investment after Assassin‚Äôs Creed disappointment.,140,0.94,76,2024-02-08 19:37:43,148,8,224
272,1anaaz7,Shark Encounter VR with girl scared of sharks and jump scares,0,0.2,0,2024-02-10 06:52:21,0,0,0
273,1amzzxo,Be gentle! Just got a rift S!,1,0.67,4,2024-02-09 22:04:14,1,0,5
274,1alsekw,"T-Pain on the Vision Pro: ""I‚Äôm not a part of this weak ass reality anymore. This how I‚Äôm showin up everywhere so just don‚Äôt even say anything about it when I come in the room. ITS OVER!!""
",727,0.86,269,2024-02-08 10:05:36,845,118,1114
275,1ambhvu,Is it worth it if I have a blind eye?,47,0.93,44,2024-02-09 00:57:49,50,3,94
276,1an8hlz,Almost half of the security vendors on Virustotal flag Unreal Engine VR injector as malware,0,0.27,6,2024-02-10 05:01:54,0,0,6
277,1amyu0y,How to Watch 8K VR180 and 3D 360 Video on Apple Vision Pro,2,0.56,2,2024-02-09 21:13:49,3,1,5
278,1amxemo,Do you think BigScreen Beyond is future proof?,0,0.48,55,2024-02-09 20:12:35,0,0,55
279,1ancit1,Apple doesn't want you to know you can make your own Apple Vision Pro (kinda),0,0.19,1,2024-02-10 09:24:47,0,0,1
280,1amjey4,Non-gaming uses of VR that have a positive impact?,7,0.82,32,2024-02-09 08:19:14,8,1,40
281,1amr626,VR camera tips,2,0.75,3,2024-02-09 15:50:01,2,0,5
282,1ammcvp,Should I upgrade from the index and what to.,4,0.75,15,2024-02-09 11:48:07,5,1,20
283,1amvyg0,ASUS RT-AX86U - good pick for Quest 3?,1,0.6,5,2024-02-09 19:10:27,1,0,6
284,1am3s4v,Just found my old WMR headset,79,0.94,21,2024-02-08 19:21:53,84,5,105
285,1amv8dn,"Do apps like these exist? Superman vision, Method of Loci in VR, VR novels",1,0.67,5,2024-02-09 18:39:19,1,0,6
286,1amn5d0,Could Immersed become the ultimate spatial computing tool by implementing this feature?,4,0.6,19,2024-02-09 12:33:47,6,2,25
287,1amlls9,Number of trackers for FBT,3,0.81,5,2024-02-09 10:59:23,3,0,8
288,1amu4ko,Post-HL:A recovery recommendations,1,0.56,25,2024-02-09 17:52:48,1,0,26
289,1am87z9,Do you prefer VR games over flatscreen games?,27,0.86,73,2024-02-08 22:29:10,31,4,104
290,1an4dt8,Vision Pro purchases?,0,0.33,14,2024-02-10 01:24:06,0,0,14
291,1an2kit,Palworld in VR is so sick,0,0.3,1,2024-02-09 23:58:53,0,0,1
292,1amlrv6,Vampire the Masquerade: Justice won't respond to my button inputs,1,0.57,3,2024-02-09 11:10:02,1,0,4
293,1amdz04,Basking in his treasure hoard lol.( A fan submitted this! ) Squid Smack is FREE on App Lab! Made by my husband and me. Thank you to all of you who have joined and made it a great community!,8,0.79,2,2024-02-09 02:59:04,10,2,12
294,1aml5va,"Virtual Desktop in ""Tile Mode"" Quest 3",2,0.75,3,2024-02-09 10:27:26,2,0,5
295,1amz9yk,What is the pricing strategy for virtual reality technology in aircraft maintenance education in a startup company?,0,0.33,3,2024-02-09 21:32:48,0,0,3
296,1am0olw,Bigscreen Beyond is now shipping internationally!,39,0.85,20,2024-02-08 17:12:27,45,6,65
297,1ammzib,Uevr palworld profile,1,0.55,2,2024-02-09 12:24:22,1,0,3
298,1am4w0d,Legendary Tales Review (9.7/10),19,0.91,1,2024-02-08 20:08:04,20,1,21
299,1amm4tt,Virtual Reality (VR) Arcades in Los Angeles: Immersive Entertainment Takes Center Stage,1,1.0,0,2024-02-09 11:33:35,1,0,1
300,1alwspl,"After big delays and a troubled launch, Nofio now refuses refund requests",50,0.93,35,2024-02-08 14:21:41,53,3,88
301,1am8nfc,Steam Next Fest Returns With New PC VR Demos This February,10,0.92,1,2024-02-08 22:47:48,10,0,11
302,1amb5si,Use Apple vision pro Disney plus environments on the Metaquest 3/equivlant,7,0.7,8,2024-02-09 00:41:50,10,3,18
303,1am4u06,ShadowMRboxing on the beach,15,0.74,1,2024-02-08 20:05:46,20,5,21
304,1amktkl,Quest 3 Prescription Lenses in Canada,0,0.5,3,2024-02-09 10:02:36,0,0,3
305,1amd4w0,Apple Vision Pro introduced me to Meta Quest 3.,4,0.62,13,2024-02-09 02:17:00,6,2,19
306,1amxr44,Just how close are we to full dive vr technology?,0,0.33,22,2024-02-09 20:27:20,0,0,22
307,1amc603,Does using a long Ethernet cable add latency?,4,0.84,17,2024-02-09 01:29:39,4,0,21
308,1amc20p,Should I upgrade from the original oculus rift?,4,0.83,6,2024-02-09 01:24:24,4,0,10
309,1an0ax4,Sam Altman on the vision pro.,0,0.43,45,2024-02-09 22:17:47,0,0,45
310,1am7rix,Dead Hook: Shaking the Depths of Hell on Steam,5,0.7,1,2024-02-08 22:09:44,7,2,8
311,1alp51g,"""I am shocked to say this, but Meta is on the right track (compared to Apple Vision)""",102,0.59,217,2024-02-08 06:16:36,172,70,389
312,1amtynd,"Apple Vision Pro: In the land of the two-eyed people, the one-eyed man saves $3,499",0,0.38,9,2024-02-09 17:45:46,0,0,9
313,1am9q1e,Albatroz DEMO | praydog UEVR |,3,0.67,0,2024-02-08 23:35:15,4,1,4
314,1amidf9,How to launch VR games without Steam VR but through Virtual Desktop?,1,0.6,4,2024-02-09 07:06:22,1,0,5
315,1am585n,Synth Riders on Apple Vision Pro,9,0.69,3,2024-02-08 20:22:14,13,4,16
316,1am2cqr,How to throw very far in Superhot VR?,9,0.92,8,2024-02-08 18:22:00,9,0,17
317,1amhddv,We might be having a bit too much fun with our new can opening mechanics..,2,0.6,0,2024-02-09 06:04:18,3,1,3
318,1am9gr6,VR in the SF Bay Area (and elsewhere)?,3,1.0,0,2024-02-08 23:23:42,3,0,3
319,1al558b,Someone walking with a Vision Pro and gets hit with a black mirror like experience,1095,0.93,210,2024-02-07 15:12:06,1177,82,1387
320,1ampozk,Anyone else feel iffy about Vision Pro being worn in public?,0,0.36,39,2024-02-09 14:44:06,0,0,39
321,1al9h0e,I think this goes a long way to explain why VR enthusiasts don't like the AVP,592,0.76,337,2024-02-07 18:12:19,778,186,1115
322,1alxtwo,It's finally here! We've just hit a big milestone with the release of our announcement trailer. Thank you to everyone from this community who has followed our puzzle adventure project so far. This is ‚õµ EPYKA VR.,10,0.92,1,2024-02-08 15:09:18,10,0,11
323,1amerjg,Fallout VR controller bug.,1,1.0,1,2024-02-09 03:39:06,1,0,2
324,1amdcba,How good of a PC is needed for Quest 3 + PCVR?,0,0.5,8,2024-02-09 02:27:03,0,0,8
325,1am80y2,Looking to upgrade from Index,2,1.0,5,2024-02-08 22:20:40,2,0,7
326,1am1tfj,Gotham City at High Speed Will Blow You Away!,4,0.75,0,2024-02-08 18:00:03,5,1,5
327,1aluhfw,Ghosts of Tabor Launch Interview with Scott Albright - CEO and Creator of Ghosts of Tabor (Ruff Talk VR Podcast),12,0.87,3,2024-02-08 12:21:56,13,1,16
328,1ambwrl,What Happens After Mixed Reality Is Gone?,1,0.57,8,2024-02-09 01:17:25,1,0,9
329,1am354j,v1.13.7 - NOCK 2024 Evolve,3,0.67,0,2024-02-08 18:55:33,4,1,4
330,1alac2y,The Vision Pro Makes me sad..,251,0.79,248,2024-02-07 18:48:00,317,66,565
331,1am28hl,Question about dedicated routers for PCVR‚Ä¶,3,0.71,10,2024-02-08 18:17:13,4,1,14
332,1aljf49,"Been using VR since 2017, just did the Apple Vision Pro demo and was mostly blown away.",62,0.74,42,2024-02-08 01:16:00,83,21,125
333,1alz7w4,I have the Quest 3 and Xreal Air 2. I have practical uses for the extra features and portability of the Air 2 Ultra with its hand tracking and such. Is there any other optical passthrough alternative in that form factor?,4,0.7,0,2024-02-08 16:10:48,5,1,5
334,1am4lm0,OFFROAD MotorBike VR on SteamVR (Now Available),3,0.67,2,2024-02-08 19:56:23,4,1,6
335,1al8evu,"Brad Lynch: with Vision Pro, XR has ""finally hit the threshold"" to completely replace his external monitor for daily computing",227,0.79,200,2024-02-07 17:29:23,287,60,487
336,1am8rtw,"I want to get a new headset, which one?",1,0.57,8,2024-02-08 22:53:06,1,0,9
337,1alfzx5,Virtual Desktop & iVRy Both Building For Apple Vision Pro,86,0.89,62,2024-02-07 22:42:42,96,10,158
338,1alrb5t,Haptic Mixed Reality Chess - an innovative new approach to seamlessly fuse reality and virtuality,14,0.94,1,2024-02-08 08:46:58,14,0,15
339,1amii8y,Apple Vision Pro - Skiing,0,0.14,6,2024-02-09 07:15:47,0,0,6
340,1alvudm,A vr game im making,5,1.0,6,2024-02-08 13:35:34,5,0,11
341,1am7vc5,How to explain controls and menus to the tech illiterate,1,1.0,0,2024-02-08 22:14:08,1,0,1
342,1am6m6v,Youtube tv?,1,0.67,1,2024-02-08 21:20:54,1,0,2
343,1am6crb,Similar apps for meditation?,1,0.67,1,2024-02-08 21:09:58,1,0,2
344,1alxe26,Lifespan of Vision Pro OLED Displays?,2,0.56,32,2024-02-08 14:49:24,3,1,35
345,1alx4qk,"Which VR headset offers the best shared space experience, from gaming to movies and maybe even productivity?",3,0.71,4,2024-02-08 14:37:12,4,1,8
346,1alwymf,"I've made a relaxing 180¬∞ VR Animation, what do you think?",2,0.63,2,2024-02-08 14:29:27,3,1,5
347,1alysnx,uevr injection with virtual desktop ?,2,1.0,2,2024-02-08 15:52:13,2,0,4
348,1ami3e9,Could Metro Awakening Throw off HL:Alyx?,0,0.31,29,2024-02-09 06:48:55,0,0,29
349,1am3ihc,Need serious advice on setting up my Pico 4!!!,1,0.67,3,2024-02-08 19:10:46,1,0,4
350,1alxj3r,AR will normalize strange behavior in public,1,0.52,4,2024-02-08 14:55:44,1,0,5
351,1alndkd,Kat walk c2+ $500,13,0.82,18,2024-02-08 04:34:37,15,2,33
352,1alx1q0,Worth Upgrading from a quest 2 to a Pico 4 for PCVR?,3,0.71,9,2024-02-08 14:33:24,4,1,13
353,1alox1r,PositronX | praydog UEVR | 6DOF,10,0.92,0,2024-02-08 06:02:56,10,0,10
354,1al9le1,So it took the AVP,80,0.83,127,2024-02-07 18:17:22,96,16,223
355,1alfv4l,"Working out the kinks of teaching in VR. Positioning the virtual people is important, as is introducing one model at a time before things get crowded. Think this is gonna be pretty awesome.",34,0.9,8,2024-02-07 22:37:18,37,3,45
356,1alrd7w,Augmented vision?,5,0.73,12,2024-02-08 08:51:02,6,1,18
357,1am90tn,"Apple Reviewers are so oblivious: ""first device of its kind"" , ""no-one has ever seen these in public""",0,0.46,11,2024-02-08 23:03:59,0,0,11
358,1alcdxg,"I've just released Update 57 for cyubeVR on Steam! I've been working full-time on cyubeVR for over 8 years by now, and it's still going strong :) This update adds localization into many languages (including Klingon), a ""Seated Mode"", significant CPU/GPU/RAM optimizations and many other improvements!",44,0.97,14,2024-02-07 20:12:53,45,1,59
359,1alr90o,Effects of Augmented Reality on the Brain,5,0.69,9,2024-02-08 08:42:38,7,2,16
360,1al0x7z,STAR WARS: Squadrons (AAA VR) 95% discount on Steam right now,197,0.93,111,2024-02-07 11:34:52,211,14,322
361,1algx4a,PSVR2 exclusive ‚ÄúC-Smash VRS‚Äù Announced for Meta Quest 2 & 3 & PICO 4,23,0.96,3,2024-02-07 23:21:18,23,0,26
362,1almv3h,I want to get my friend into VR fitness and I need help finding the right way to do it,8,0.91,8,2024-02-08 04:07:02,8,0,16
363,1al7879,DeoVR coming to Apple Vision Pro in March,63,0.85,24,2024-02-07 16:41:07,74,11,98
364,1am9viv,"My AVP demo impressions: Very uncomfy, WTH is the purpose of this device's existence?",0,0.44,12,2024-02-08 23:42:05,0,0,12
365,1ambqu6,"Virtual Desktop: ""USE A CAT5 CABLE !!!"" well, if you don't have a wifi adapter on your pc you can't even SET UP quest air link at all!",0,0.21,4,2024-02-09 01:09:42,0,0,4
366,1alvmcc,Imagine a world where all movies are filmed with VR in mind,1,0.56,8,2024-02-08 13:24:07,1,0,9
367,1aln1ax,Any good wild west vr games with boneworks type gameplay?????,4,0.83,3,2024-02-08 04:16:05,4,0,7
368,1alomk7,"Mask-mic for VR to prevent voice leaking outside of room? (Also, general soundproofing setup advice?)",3,1.0,1,2024-02-08 05:46:11,3,0,4
369,1al36h9,I haven‚Äôt owned a headset since the first Vive. I just came back from demoing the AVP and I‚Äôve fallen in love again,48,0.66,169,2024-02-07 13:41:42,72,24,241
370,1al5k55,The Verge: Ifixit 2nd teardown reveals display tech inside Vision Pro,32,0.77,27,2024-02-07 15:30:27,41,9,68
371,1alall2,These angry red guys won't take victory away from me üòà Sky Climb is now Available on App Lab!,14,0.79,1,2024-02-07 18:58:54,17,3,18
372,1alxntx,No one has demoed SteamVR Lighthouse Tracked Vision Pro?,0,0.3,7,2024-02-08 15:01:43,0,0,7
373,1al07yf,"We've just released a new Beta Demo for Escape Simulator VR, and we need some feedback",45,0.93,20,2024-02-07 10:48:06,48,3,68
374,1akpv82,First commercial industry use case ?,281,0.82,183,2024-02-07 00:43:48,342,61,525
375,1al2t70,Zenith: Infinite Realms is looking for testers.,27,0.97,0,2024-02-07 13:23:05,27,0,27
376,1allg9w,Escape Robot Attack Experience | Car Destruction | UFO,3,0.71,0,2024-02-08 02:54:10,4,1,4
377,1al80d7,We're close to launching the Quest versions of Tiger Blade and are looking for some peeps that want to go fast!,11,0.92,4,2024-02-07 17:12:59,11,0,15
378,1akt609,Someone created a prototype app for blender to work with 3d inside Vision Pro . Wow,129,0.9,19,2024-02-07 03:21:27,143,14,162
379,1akqdro,Developer codes and demos Vision Pro app live inside Vision Pro,150,0.85,45,2024-02-07 01:07:52,176,26,221
380,1al2och,Latest VR 180 & 360 cameras: new and coming soon,15,0.9,8,2024-02-07 13:16:01,16,1,24
381,1akph7x,Vision Pro users reporting persona quality noticeably improved in visionOS 1.1 update,158,0.76,95,2024-02-07 00:25:48,207,49,302
382,1alpoqf,Meta Quest 3 or PlayStation VR2?,0,0.45,19,2024-02-08 06:52:08,0,0,19
383,1al5m1u,PICO 4 good alternative to quest 2?,9,0.8,48,2024-02-07 15:32:51,11,2,59
384,1alytuy,"Hi, I'm a Quest. And I'm a Vision Pro.",0,0.39,14,2024-02-08 15:53:45,0,0,14
385,1alf6gv,Anyone Got a good guide on fallout 4 vr mods?,2,0.75,3,2024-02-07 22:08:57,2,0,5
386,1akhiiw,Surgical VR App on Vision Pro looks incredible,286,0.88,46,2024-02-06 19:00:49,325,39,371
387,1alj5kv,Is the ALVR on Vision Pro thing available to anyone ?,2,0.62,15,2024-02-08 01:03:27,3,1,18
388,1ala8v1,Genotype - Only 24 more hours to go... We hope to see you at the South Pole! üêßüêô,4,0.75,13,2024-02-07 18:44:16,5,1,18
389,1alde9a,3 virtual monitors + Nvidia surround...?,2,0.75,2,2024-02-07 20:55:08,2,0,4
390,1ali92s,Help me with VR Gunstocks Market Research!,1,0.67,0,2024-02-08 00:19:00,1,0,1
391,1ali0um,Website for beta testing games?,1,1.0,0,2024-02-08 00:08:50,1,0,1
392,1alhj6f,I created Survivor in VR,0,0.5,1,2024-02-07 23:47:32,0,0,1
393,1al8w2e,"Windows ""Device Disconnect"" Sound Plays Every Few Moments While NaLo Is Open (Cross-Post)",3,1.0,2,2024-02-07 17:48:42,3,0,5
394,1al1sfa,is there any app that lets me view apps while they stay in front of me in passtrough instead of stationary when im walking around,8,0.83,3,2024-02-07 12:27:52,9,1,12
395,1alh9ec,How much better is the passthrough on the AVP compared to the Quest 3?,1,0.54,17,2024-02-07 23:35:43,1,0,18
396,1akdhky,Apple Vision Pro Demonstrated Working on SteamVR via ALVR,311,0.94,147,2024-02-06 16:15:50,330,19,477
397,1alba9h,Reasonable upgrade path from OG Vive,2,0.75,15,2024-02-07 19:27:04,2,0,17
398,1alb4a6,Vr for beginner,2,1.0,8,2024-02-07 19:20:04,2,0,10
399,1algha1,Extreme Nearsighted vs Meta Quest 3,1,0.6,8,2024-02-07 23:02:52,1,0,9
400,1alg2du,Would Most People Not Care for VR if games were only Single Player since I keep seeing the comments requesting Multiplayer for all games that don't have it?,0,0.44,29,2024-02-07 22:45:28,0,0,29
401,1alahdi,Comedy Tonight in Horizons! Wed Feb 7th 9pm EST,2,0.63,2,2024-02-07 18:53:58,3,1,5
402,1aluhgt,Is Netflix Trolling Apple? Or are they actually curious about the vision pro?,0,0.27,35,2024-02-08 12:21:59,0,0,35
403,1al9sjh,Purchase advice: watching movies while travelling,2,1.0,7,2024-02-07 18:25:21,2,0,9
404,1alcv2p,Haptic Suits,1,1.0,3,2024-02-07 20:32:28,1,0,4
405,1alytog,Is this seriously the current state of VR?,0,0.09,35,2024-02-08 15:53:30,0,0,35
406,1alqrxe,Vr for what?,0,0.2,36,2024-02-08 08:07:37,0,0,36
407,1akwj6h,Anyone remember this? Probably more relevant than ever. - HYPER-REALITY by Keiichi Matsuda,11,0.77,9,2024-02-07 06:25:29,14,3,23
408,1albq28,Question about whether I should by a 3060/3060 TI or a HP Reverb for PC VR.,0,0.5,10,2024-02-07 19:45:30,0,0,10
409,1akhz0t,Had a heated debate with my wife,91,0.77,307,2024-02-06 19:19:14,118,27,425
410,1al65k4,Looking to connect with someone who works for a VR company.,2,0.75,0,2024-02-07 15:56:47,2,0,2
411,1alatsq,Any free multiplayer horror games?,1,0.67,2,2024-02-07 19:08:05,1,0,3
412,1alao14,"Game req: 4 player, crossplay enabled, and noob friendly",1,0.67,3,2024-02-07 19:01:30,1,0,4
413,1alanvk,Quest 3 Stuttering Above 20mbps in Virtual Desktop,0,0.5,7,2024-02-07 19:01:21,0,0,7
414,1akv9j0,"why do headsets, specifically AIO's, not put some of the hardware behind your head with the strap.",12,0.72,47,2024-02-07 05:11:12,16,4,63
415,1akkbje,I am making a VR mod for We Were Here!,47,0.95,11,2024-02-06 20:53:28,49,2,60
416,1al8xav,RED DEAD REDEMPTION 2 IN VIRTUAL REALITY. Played on the Quest 2 & 3. FREE MOD. 2024 Setup & Gameplay. Unfortunately a PC or Laptop is required to play RDR2 in VR.,0,0.44,0,2024-02-07 17:50:04,0,0,0
417,1al8k6l,Checkout my free physics-based FPS using gorilla tag locomotion!,1,0.6,2,2024-02-07 17:35:13,1,0,3
418,1al7pmu,Use M/KB that is connected to PC on Virtual Desktop,0,0.5,2,2024-02-07 17:01:08,0,0,2
419,1akm5ib,"Inspired by u/grimdar, I decided to make a more native looking Solo Band top strap adapter for the Vision Pro that I'm calling the SoloTop! Currently battle testing an engineering grade resin print and will post real pictures soon!",33,0.82,11,2024-02-06 22:05:47,40,7,51
420,1ak4gr1,The $800 laminated glass on The Apple Vision Pro is covered with plastic!,441,0.83,288,2024-02-06 07:42:47,531,90,819
421,1al6szj,Best PCVR headset for ‚Ç¨300-‚Ç¨400,0,0.5,2,2024-02-07 16:23:39,0,0,2
422,1al69l8,What's the best VR headset to buy for a Complete VR noob?,2,0.62,25,2024-02-07 16:01:27,3,1,28
423,1al5z5c,USB 3.2 Gen 1 vs USB 3.2 Gen 2 vs USB 3.2 Gen 2x2 for PICO 4,1,0.67,3,2024-02-07 15:48:51,1,0,4
424,1ak5tlh,The Unreal Engine 5.1 Biomes are best VR visuals ive seen,237,0.81,109,2024-02-06 09:23:20,292,55,401
425,1akn9oa,AVP reviews by actual VR youtubers?,19,0.73,31,2024-02-06 22:51:16,26,7,57
426,1al503m,2024 Headset recommendations for RTX 4090?,0,0.5,8,2024-02-07 15:05:47,0,0,8
427,1al0eet,Simple Planes On Meta Quest 2 is a Real Treat,2,0.6,1,2024-02-07 11:00:43,3,1,4
428,1al4dmt,F1 races weekend in VR,0,0.5,3,2024-02-07 14:38:05,0,0,3
429,1akhw0x,Switched from Quest 3 to HP Revergb G2 for PCVR,31,0.71,150,2024-02-06 19:15:53,43,12,193
430,1alkagr,Here is T-Pain walking around the mall wearing a VR headset,0,0.29,1,2024-02-08 01:58:06,0,0,1
431,1akdg9v,"Our first-person stealth game Vampire the Masquerade: Justice just launched on SteamVR, with a 20% discount!",53,0.95,28,2024-02-06 16:14:19,55,2,83
432,1al26lc,ALVR working on Vision Pro,1,0.54,1,2024-02-07 12:49:45,1,0,2
433,1akgtxo,Museum Rampage for Alyx,27,0.88,10,2024-02-06 18:33:32,30,3,40
434,1ak9plt,MSFS VR. Stunningly beautiful Norway. Flying near Bronnoysund. Gradually crawling up north in my Cape2Pole journey project (currently using a Quest3 over Virtual Desktop on a 3700X/3080RTX pc),57,0.97,6,2024-02-06 13:26:39,58,1,64
435,1alfh8e,Apple vision going on sale for 2 - 3x sale price on eBay,0,0.33,8,2024-02-07 22:21:24,0,0,8
436,1akp7eu,I just (sort of) applied to teach at a virtual reality charter school. We are living in the future.,6,1.0,7,2024-02-07 00:13:45,6,0,13
437,1akzeqj,Best VR for watching NBA and movies on web browser?,1,0.6,2,2024-02-07 09:50:04,1,0,3
438,1akyy29,"Where can you find, and How do you play vision pro and iphone 3d videos on quest 3?",1,0.55,3,2024-02-07 09:14:48,1,0,4
439,1aky3t7,"New, beautiful environments to watch movies.",1,0.67,6,2024-02-07 08:12:06,1,0,7
440,1ajt48b,52-year-old CEO Elon Musk with his profound perspective on virtual reality devices,486,0.78,358,2024-02-05 22:08:35,623,137,981
441,1ald2ns,Why are people so hyped up about the apple vision pro?,0,0.31,27,2024-02-07 20:41:31,0,0,27
442,1ak8lut,Steam Next Fest is live with various demos for upcoming PCVR games (list inside),32,0.94,11,2024-02-06 12:28:04,34,2,45
443,1akwwdq,"Need more info about this, can anyone help?",1,1.0,1,2024-02-07 06:49:08,1,0,2
444,1akh3tf,Pacific Drive | praydog UEVR |,10,0.86,2,2024-02-06 18:44:34,11,1,13
445,1al3qr2,iFixit: Vision Pro Teardown - Part 2,0,0.33,1,2024-02-07 14:08:35,0,0,1
446,1akjau5,Offroad Motorbike On AppLab (Meta Store) Gameplay,6,0.64,1,2024-02-06 20:12:51,9,3,10
447,1akrlke,Whats the best budget for pc vr (Quest 3),2,0.75,5,2024-02-07 02:04:57,2,0,7
448,1akv0fw,Aleksey Leonov Within VR,0,0.5,0,2024-02-07 04:58:03,0,0,0
449,1akcx93,vr glasses changed vr for me,12,0.87,8,2024-02-06 15:51:10,13,1,21
450,1akugfz,Psvr2 or quest 3,1,0.6,19,2024-02-07 04:28:42,1,0,20
451,1al5noc,Meta Quest is 2 Much,0,0.27,20,2024-02-07 15:34:54,0,0,20
452,1aktsbv,Best untethered for online VR?,0,0.4,4,2024-02-07 03:53:30,0,0,4
453,1ajvi1u,Tried AVP demo today,170,0.83,188,2024-02-05 23:47:56,204,34,392
454,1akt8aa,Can virtual reality be used to improve a language?,1,0.6,3,2024-02-07 03:24:39,1,0,4
455,1ajidra,This guy LOVES the new AVP!,775,0.9,145,2024-02-05 14:55:04,861,86,1006
456,1ak11kz,My Final review and rating of my Vision Pro,59,0.75,79,2024-02-06 04:14:53,78,19,157
457,1akgk4q,Are vr treadmills worth it,5,0.78,24,2024-02-06 18:22:30,6,1,30
458,1akcuvb,We released Crumbling last month - A roguelike that let's you fight with an Action Figure in your hand! It's a new take on how to do 3rd-person in VR.,7,1.0,0,2024-02-06 15:48:16,7,0,7
459,1akcut6,"Learn how to brew potions in my alchemy game, Alchem It!",7,0.82,1,2024-02-06 15:48:11,8,1,9
460,1aki4dk,Contractors Showdown Might Be The BEST VR Battle Royale in VR,2,0.67,0,2024-02-06 19:25:15,2,0,2
461,1akav05,If you could have any game get the UEVR treatment - what would it be?,6,0.81,21,2024-02-06 14:21:11,7,1,28
462,1akq3qi,New vr game idea called EAT IT! (this is only a idea concept.),0,0.5,3,2024-02-07 00:54:52,0,0,3
463,1akgtj1,Beautiful and relaxing VR equivalent of terraria or trove?,3,1.0,1,2024-02-06 18:33:04,3,0,4
464,1akwgew,is this a good recreation of how the quest 3‚Äôs glare looks?,0,0.36,12,2024-02-07 06:20:41,0,0,12
465,1ajyfy4,Be gentle with the Apple Vision Pro - ITS PLASTIC! - JerryRigEverything,58,0.7,59,2024-02-06 02:02:40,82,24,141
466,1ako8hd,Sharing each-others space.,1,1.0,2,2024-02-06 23:32:01,1,0,3
467,1ako4ev,Failed To Render Comedy Club,1,0.67,0,2024-02-06 23:27:14,1,0,1
468,1aknqey,Best headset to pair with 4090?,0,0.43,37,2024-02-06 23:10:30,0,0,37
469,1aked9l,Best way to attach vive tracker to quest 3 headset?,4,0.83,5,2024-02-06 16:52:22,4,0,9
470,1akmuks,Amazing experience with teleported Scotland,1,1.0,2,2024-02-06 22:34:18,1,0,3
471,1akmsip,What am I doing wrong?,0,0.5,12,2024-02-06 22:31:57,0,0,12
472,1akm4gl,Does anyone else have itchy legs when playing vr?,0,0.5,10,2024-02-06 22:04:35,0,0,10
473,1akm3ml,Zeiss wipes on Apple Vision Pro,1,0.6,2,2024-02-06 22:03:40,1,0,3
474,1akxqf0,In today's video I forced 3 of the DUMBEST VR YouTubers to play Rec Room Lethal Company...,0,0.11,2,2024-02-07 07:45:18,0,0,2
475,1akllwp,How do I switch between racing sim rig and regular vr apps?,0,0.5,3,2024-02-06 21:44:06,0,0,3
476,1akkfew,Main reason why i will never choose an Apple Headset over any other standalone vr device: Sideloading,0,0.5,46,2024-02-06 20:58:02,0,0,46
477,1ajf4gl,Simpsons predicted it once again! üíØ,407,0.87,36,2024-02-05 12:16:23,467,60,503
478,1akv0fi,"Who else is still rocking the Index, waiting for the Deckard and loving the AVP content?",0,0.31,12,2024-02-07 04:58:02,0,0,12
479,1akrjz9,Biond City will be a dev Market place but is attached to a first of its kind no code builder that will democratize Metaverse - Gaming and Virtual Reality development in Unreal Engine.,0,0.17,0,2024-02-07 02:02:52,0,0,0
480,1akseo6,Spatial Computing on the Quest 3: Do You Really Need the Apple Vision Pro?,0,0.38,18,2024-02-07 02:44:21,0,0,18
481,1aknf1y,The quest 2 native head strap is just that bad,0,0.44,4,2024-02-06 22:57:25,0,0,4
482,1ajxzsd,How VR games helped me soldier thru my depressive episodes,21,0.88,3,2024-02-06 01:41:36,23,2,26
483,1akgz97,Ryzen 5 vs Ryzen 7 MSFS2020,0,0.33,2,2024-02-06 18:39:30,0,0,2
484,1akgi7c,Why can I not continue even after allowing all permissions?,0,0.4,0,2024-02-06 18:20:19,0,0,0
485,1akd8rs,Looking for new headset to replace CV1 - Advice please.,1,0.67,1,2024-02-06 16:05:09,1,0,2
486,1akcszi,Meta quest 3 or PSVR2,0,0.43,16,2024-02-06 15:45:56,0,0,16
487,1ak82hm,"You can change the size of your character any time you like! With it, your friends can lift you up and down!",2,0.75,0,2024-02-06 11:56:51,2,0,2
488,1ajx4uz,Philadelphia 76er Danuel House rockin a Vision Pro,14,0.61,11,2024-02-06 01:01:14,22,8,33
489,1akbxat,What VR Headset to treat anxiety disorder?,0,0.43,7,2024-02-06 15:08:20,0,0,7
490,1aj7b9y,Only for Apple Vision Pro,647,0.91,103,2024-02-05 03:55:39,710,63,813
491,1akazj2,Shooting 3D videos for the Quest,0,0.33,5,2024-02-06 14:27:07,0,0,5
492,1ajndv0,Our boxing meets rhythm VR game has a demo!,40,0.85,18,2024-02-05 18:18:08,47,7,65
493,1akj2kp,deku is wild! üòÖü§£,0,0.2,0,2024-02-06 20:03:44,0,0,0
494,1ak9lzh,G2 vs q3 for pcvr,0,0.5,6,2024-02-06 13:21:38,0,0,6
495,1ak0b5n,Are Haptic Feedback VR Vests Worth It?,6,1.0,22,2024-02-06 03:35:31,6,0,28
496,1ajws36,Persona 3 Reload | praydog UEVR | AHUD UI Fix |,10,0.92,1,2024-02-06 00:45:04,10,0,11
497,1ak92dm,HITMAN World of Assassination Part One on 60% discount (HITMAN 3 support PCVR),1,0.67,3,2024-02-06 12:53:32,1,0,4
498,1aiwha2,How I see people now,1975,0.85,490,2024-02-04 19:42:26,2323,348,2813
499,1ak8s72,AR Office - Spatial Computing on the open Web ARO.Work,3,0.6,1,2024-02-06 12:37:54,5,2,6
500,1ajzht0,"""Dual Solo"" Band adapter clip",6,0.8,1,2024-02-06 02:54:14,7,1,8
501,1ak8p3q,PSA: Don't forget your passcode to your Apple Vision Pro or you will need to go to an Apple store to reset.,0,0.5,4,2024-02-06 12:33:06,0,0,4
502,1ajxsdg,Would y‚Äôall play this if devs made it easy to integrate UEVR?,8,0.72,11,2024-02-06 01:32:01,11,3,22
503,1ak82iu,"Best standalone (ish) for high quality video playback? No games, just VR videos.",0,0.5,16,2024-02-06 11:56:54,0,0,16
504,1ajw9xi,Best way to do cardio,9,1.0,23,2024-02-06 00:21:48,9,0,32
505,1ak7nfo,Overlaying video on another app in pico 4?,1,1.0,1,2024-02-06 11:30:47,1,0,2
506,1ak7l8k,How has the valve index held up?,1,0.54,38,2024-02-06 11:27:00,1,0,39
507,1akhenv,Best vr headset currently out or expected to be released that 3.5k can buy?,0,0.4,20,2024-02-06 18:56:33,0,0,20
508,1ajpeiq,Whitewater VR Steam Next Fest DEMO is out! https://store.steampowered.com/app/2360340/Whitewater_VR_Extreme_Kayaking_Adventure/,18,0.95,4,2024-02-05 19:38:56,18,0,22
509,1ak6zjs,HP Reverb G2 Vs Meta Quest 3 - side grade or upgrade?,1,0.6,31,2024-02-06 10:47:18,1,0,32
510,1ak3hgz,Varjo XR4 Comfort Mods?,2,1.0,1,2024-02-06 06:37:25,2,0,3
511,1ak5kno,Ar glasses without cable,0,0.4,9,2024-02-06 09:04:33,0,0,9
512,1ajr11w,Is there a good vr wild west game like rdr2?,10,0.92,17,2024-02-05 20:43:58,10,0,27
513,1ajsomv,Pacific Drive (DEMO) in UEVR,7,0.82,5,2024-02-05 21:50:44,8,1,13
514,1ak13cp,Konami finally unveiled a Yugioh VR experience,2,0.75,1,2024-02-06 04:17:32,2,0,3
515,1ak4iq2,Tablet capable of outputting 4K for AR/VR purposes,1,0.67,2,2024-02-06 07:46:44,1,0,3
516,1ajw0cj,Stumbled upon this on Twitter. Anyone heard about(or checked out) this project?,4,0.84,2,2024-02-06 00:09:44,4,0,6
517,1akeyzh,"VR in a high period, but I‚Äôm in a low",0,0.29,19,2024-02-06 17:17:43,0,0,19
518,1ak4404,What Reality Headset is best for 3rd party gaming on a gaming PC?,0,0.43,20,2024-02-06 07:17:37,0,0,20
519,1ajzuk8,It would be nice to have an open motion controller standard for hand tracked headsets,2,0.75,0,2024-02-06 03:11:37,2,0,2
520,1aj4mr7,Apple Vision Pro head strap actually works quite well on the Bigscreen Beyond!,224,0.92,39,2024-02-05 01:36:07,243,19,282
521,1ajap7j,Someone already got the ALVR client running on Apple Vision Pro,61,0.86,36,2024-02-05 07:13:51,70,9,106
522,1ak2f7d,Where can I demo vr?,0,0.33,13,2024-02-06 05:32:41,0,0,13
523,1ajjt1h,Genotype - HUGE combat overhaul will be released on February 8th! üêßüí•,12,0.8,8,2024-02-05 15:56:32,15,3,23
524,1ak9zxe,Swandive on Apple Vision Pro,0,0.22,0,2024-02-06 13:40:56,0,0,0
525,1ajolza,Building a VR friendly vehicle navigation system for my procedural city,6,0.88,1,2024-02-05 19:07:06,6,0,7
526,1akmpcy,Are there any VR headsets that aren't made by some awful megacorp?,0,0.24,43,2024-02-06 22:28:21,0,0,43
527,1ajqsn5,Best current PCVR headset under 500$?,4,0.83,29,2024-02-05 20:34:24,4,0,33
528,1aiuh5a,Spacially Distracted Boyfriend,464,0.96,15,2024-02-04 18:20:15,483,19,498
529,1ajhxww,"Fast Travel Games is publishing 'Black Forge VR', a VR weapon crafting game for Quest/PCVR in 2024",11,0.87,2,2024-02-05 14:35:11,12,1,14
530,1ajsd8b,Can someone share their experience with a 4090m (laptop)?,3,1.0,11,2024-02-05 21:37:39,3,0,14
531,1ak09lx,VR headset concept (I have more if you want),0,0.4,2,2024-02-06 03:33:18,0,0,2
532,1ajve63,Battle glide Vs Resist,2,1.0,1,2024-02-05 23:43:01,2,0,3
533,1aj7r7a,Me in my Vision Pro headset at work when my coworker is trying to tell me about their weekend,68,0.82,4,2024-02-05 04:19:13,82,14,86
534,1ajy1zu,Make your own 3D VR 180 (spacial) videos with 2 cameras?,1,0.67,2,2024-02-06 01:44:27,1,0,3
535,1ajgjxa,Which VR is best for having two headsets in the same room?,9,0.91,14,2024-02-05 13:30:58,9,0,23
536,1ajx9rf,Should I buy the Pico 4 or the Quest 2?,0,0.5,15,2024-02-06 01:07:26,0,0,15
537,1ajo23r,VR Design Research Survey,3,1.0,1,2024-02-05 18:45:20,3,0,4
538,1aiy5mn,I don‚Äôt understand the hate for the Apple Vision Pro.,160,0.65,472,2024-02-04 20:49:55,246,86,718
539,1ajvykh,"The concept around the metaverse and virtual reality kickstarted my passion project. I just posted my first video which explores how disruptive technologies like VR become mainstream, the biggest barriers to adoption, and some of its ethics + privacy concerns.",0,0.5,0,2024-02-06 00:07:32,0,0,0
540,1aikgkz,"All it took was one company with a cool brand and great marketing to normalize wearing a VR headset erm spatial computer on your face in public. Bravo Apple, not even mad",1117,0.78,754,2024-02-04 09:53:24,1432,315,2186
541,1ak40qg,PSA - don‚Äôt use a AR/XR or ‚Äúspatial computer‚Äù while driving,0,0.14,1,2024-02-06 07:11:37,0,0,1
542,1ak5eqq,"Midjourney hires veteran Apple Vision Pro engineer as head of hardware to build its ""Orb""",0,0.2,6,2024-02-06 08:52:33,0,0,6
543,1ajtnhd,Headset recs,1,0.67,8,2024-02-05 22:30:25,1,0,9
544,1ajsf2s,VR for Business,0,0.5,6,2024-02-05 21:39:42,0,0,6
545,1ajscse,Anyone using MPC-BE via Virtual Desktop for 3D movies?,1,1.0,7,2024-02-05 21:37:08,1,0,8
546,1ajxblb,Inquiring About Apple Vision Pro's Physical Dimensions,0,0.33,2,2024-02-06 01:09:56,0,0,2
547,1ajla8j,Upgrading PCVR in 2024,4,0.75,4,2024-02-05 16:56:59,5,1,9
548,1ajq962,rift s vs quest 2,0,0.5,14,2024-02-05 20:12:47,0,0,14
549,1ajq4gk,meta quest app sharing,0,0.5,3,2024-02-05 20:07:34,0,0,3
550,1ajq041,What is the best cpu for Vr,1,0.6,8,2024-02-05 20:02:44,1,0,9
551,1ajei7m,"Early Reporting on Binaural Recording (1975, German)",5,0.86,0,2024-02-05 11:38:49,5,0,5
552,1ajfsyk,Second VR experience after gear vr with controller what to expect?,3,1.0,4,2024-02-05 12:53:33,3,0,7
553,1ajtncu,typing on quest is faster than on apple vision pro,0,0.47,19,2024-02-05 22:30:18,0,0,19
554,1ajy450,Quest 3 or HTC Vive Cosmos Elite,0,0.17,14,2024-02-06 01:47:15,0,0,14
555,1ajxhcz,My vision of standalone headsets in 10-15 years,0,0.25,5,2024-02-06 01:17:27,0,0,5
556,1ajh34q,Are there any good VR data visualization apps?,2,1.0,6,2024-02-05 13:56:15,2,0,8
557,1aj62bm,VR headsets being non-modular is understandable but sad,14,0.82,6,2024-02-05 02:49:08,17,3,23
558,1ajlqc6,Quest 3 PCVR flat games in 1 fps?,0,0.33,2,2024-02-05 17:14:20,0,0,2
559,1ajr2ih,VR/AR Headset for Programming,0,0.25,19,2024-02-05 20:45:40,0,0,19
560,1ai5chh,Google glass was ahead of its time..,3783,0.92,401,2024-02-03 20:28:08,4111,328,4512
561,1ajkutd,possible to reactivate motion controls in Luke Ross REAL mod?,1,1.0,0,2024-02-05 16:40:04,1,0,1
562,1aiqm67,"Valve updated the Steam Hardware Survey data after publication, creating a new entry for Bigscreen Beyond",101,0.98,62,2024-02-04 15:38:37,103,2,165
563,1ajvpiq,Why doesn't anyone create a VR/AR set with a separate computing device?,0,0.36,9,2024-02-05 23:56:57,0,0,9
564,1aj8fly,Drawing Desk is now available on Vision Pro (FREE),6,0.65,1,2024-02-05 04:56:31,9,3,10
565,1aiwk41,Games you genuinely enjoy playing on UEVR???,42,0.92,52,2024-02-04 19:45:37,45,3,97
566,1ajjto0,"Just released: Doodle Board 3-player (Tri-Op, as opposed to Co-Op?)",1,1.0,1,2024-02-05 15:57:19,1,0,2
567,1ajjsam,"Just released: Doodle Board 3-player (Tri-Op, as opposed to Co-Op?)",1,1.0,1,2024-02-05 15:55:40,1,0,2
568,1ajexu9,Good games to play one handed?,2,1.0,26,2024-02-05 12:05:31,2,0,28
569,1ajje5c,Master the Matrix: Unleash Your Inner Hero in #HardBullet #VR,0,0.4,0,2024-02-05 15:39:12,0,0,0
570,1aiyyjq,"You can vote for a VR mode in Payday 3! (one click, no registration or anything else needed)",29,0.94,1,2024-02-04 21:22:27,30,1,31
571,1aitzw0,Bringing JetSetRadio to VR!,55,0.93,10,2024-02-04 18:00:33,59,4,69
572,1ajit36,Does wearing the headset closer or further away cause VR proportions to be wrong?,0,0.5,7,2024-02-05 15:13:24,0,0,7
573,1ait7hs,Introducing: Metro Awakening ‚Äì A new VR Metro game by Vertigo Games,47,0.9,9,2024-02-04 17:27:39,52,5,61
574,1ajhln0,How to convert 360 ¬∞ mono video to 180¬∞ ?,1,1.0,4,2024-02-05 14:19:48,1,0,5
575,1ajbjic,UEVR trojan message Trojan:Win32/Malagent!MSR ?,2,0.67,3,2024-02-05 08:11:31,2,0,5
576,1ajh9r9,Pico 4 vs Quest 3 for PCVR?,2,0.62,17,2024-02-05 14:04:13,3,1,20
577,1ajh5j4,"Weird question I know but, Blade and Sorcery Nomad VS Resist. Like genuinely. Which ones more fun.",1,0.67,3,2024-02-05 13:59:24,1,0,4
578,1ak35pm,Kai Cenat Facetimes Celebrities With Apple Vision Pro,0,0.11,3,2024-02-06 06:17:18,0,0,3
579,1ajfxs5,Best VR headset for beginner?,1,0.67,5,2024-02-05 13:00:41,1,0,6
580,1ajf8l3,Quest 3 body tracking vr chat,0,0.5,2,2024-02-05 12:22:46,0,0,2
581,1airp82,Working in the Vision Pro,40,0.73,41,2024-02-04 16:24:50,54,14,95
582,1aj9d3x,Can you use the quest 3 like a phone?,2,0.63,6,2024-02-05 05:50:11,3,1,9
583,1aij99n,The original augumented reality.,128,0.89,9,2024-02-04 08:31:55,143,15,152
584,1ajqqcr,The AVP FOV is much wider without the facial interface.,0,0.28,11,2024-02-05 20:31:45,0,0,11
585,1ajdgfh,Did I get a bad unit?,0,0.4,22,2024-02-05 10:30:49,0,0,22
586,1aj6549,Interactivity is not essential for a top tier VR experience,4,0.63,22,2024-02-05 02:53:13,6,2,28
587,1ajd39d,Quest 3 vs PCVR game recommendations,0,0.43,6,2024-02-05 10:04:51,0,0,6
588,1aj4yg4,"NGL, I'm kinda worried about so many people using the Vision Pro outside during the day.",3,0.54,43,2024-02-05 01:52:24,5,2,48
589,1ai7vll,green bubbles smh,632,0.98,21,2024-02-03 22:19:33,644,12,665
590,1ajccru,"Yu-Gi-Oh! Duel Links ""gameplay"" video looks fake AF for me, but it still looks awesome!",0,0.5,2,2024-02-05 09:11:08,0,0,2
591,1ajc9mu,"The Quest for a True VR GPS Map: Why Isn't There a More Immersive VR GPS System Yet?""",0,0.47,15,2024-02-05 09:04:45,0,0,15
592,1aj5ym6,What new VR cameras are coming out soon? 180 and 360,3,1.0,6,2024-02-05 02:43:49,3,0,9
593,1ajbtxy,"If i just put the same video side by side, can i view it in vr?",1,0.67,2,2024-02-05 08:32:52,1,0,3
594,1aix0tn,Are we the weird friend?,9,0.8,24,2024-02-04 20:03:52,11,2,35
595,1ajnf9t,Working in the Vision Pro,0,0.23,4,2024-02-05 18:19:42,0,0,4
596,1ail1u2,"The AVP drive mode in practice, featuring the cybertruck.",46,0.66,49,2024-02-04 10:33:15,69,23,118
597,1ajmx3z,"The Apple TrueVision‚Ñ¢, coming to your head.. in a decade probably",0,0.3,3,2024-02-05 18:00:11,0,0,3
598,1aj9wzx,After some time my full body tracking goes sideways?,1,0.66,4,2024-02-05 06:23:27,1,0,5
599,1ajeyrr,What can the Vision Pro do that the Quest 3 can not?,0,0.45,47,2024-02-05 12:07:02,0,0,47
600,1aiqt7u,What can I actually do with the AVP that I can't with the Quest 3?,9,0.57,138,2024-02-04 15:47:24,15,6,153
601,1ait1oy,Virtual Desktop Now Supports Quest Pro Tongue Tracking & OpenXR Tracking Forwarding,8,0.84,1,2024-02-04 17:20:47,9,1,10
602,1aitxk5,"Mods, Apple Vision Pro flair when?",9,0.61,16,2024-02-04 17:57:56,14,5,30
603,1aj8d0c,Fun VR Games?,1,0.67,9,2024-02-05 04:52:24,1,0,10
604,1aillo6,"Me and a ChatGPT NPC in VR / MR (Mixed Reality) on Quest 3, showing AI n...",24,0.84,40,2024-02-04 11:09:32,28,4,68
605,1aiuh53,Offroad Motorbike On AppLab (Meta Store) Gameplay,6,0.71,1,2024-02-04 18:20:15,8,2,9
606,1aiup6x,People are having sex in VR using Bluetooth sex toys,6,0.56,44,2024-02-04 18:29:40,10,4,54
607,1aisdk7,What are some good earbuds for VR?,6,0.88,10,2024-02-04 16:52:52,6,0,16
608,1aj5pen,AVP with bluetooth & accelerometer nunchucks?,0,0.5,5,2024-02-05 02:30:34,0,0,5
609,1ait5aj,Oceanhorn 2 | praydog UEVR | AHUD UI Fix |,5,0.73,1,2024-02-04 17:25:04,6,1,7
610,1aid7cf,Apple Vision Pro Review: Tomorrow's Ideas... Today's Tech!,63,0.76,42,2024-02-04 02:32:21,82,19,124
611,1aj3lvo,VR 360¬∞ 4K Flight Over Skyscraper_06,0,0.5,0,2024-02-05 00:46:44,0,0,0
612,1aj3jaz,Due to the hype of Quest 3 I'm considering finally getting VR - have a few questions.,1,0.6,10,2024-02-05 00:43:20,1,0,11
613,1ajc43f,"Okay, it's been ~a week. Where's the third-party knock-off AppleVP strap for Quest?",0,0.2,5,2024-02-05 08:53:37,0,0,5
614,1aix1dl,"How Good is the HTRF ""Spatial Audio"" on the Apple Vision Pro?",0,0.5,10,2024-02-04 20:04:31,0,0,10
615,1aj18wp,Apple Vision Pro First Impressions From A VR Enthusiasts Perspective! - VROasis,2,0.53,38,2024-02-04 22:59:47,3,1,41
616,1ai952t,Bruh... I hope they'll make this available for the Quest,64,0.69,61,2024-02-03 23:16:01,92,28,153
617,1aio1xx,Does anyone know of a photo/video of the Apple Vision Pro Through the lenses?,6,0.74,8,2024-02-04 13:36:54,8,2,16
618,1aiybvz,Talos 2 crashes with UEVR injector,1,0.67,4,2024-02-04 20:56:47,1,0,5
619,1ai40st,Got my hands on some Apple Vision Software,106,0.96,2,2024-02-03 19:29:19,110,4,112
620,1aixs4j,Ben 10 game/mods?,0,0.5,3,2024-02-04 20:34:47,0,0,3
621,1aix44a,Is the Pico 4 still a good headset?,1,0.67,12,2024-02-04 20:07:29,1,0,13
622,1ai8wol,"Using the Meta Quest 3 as a monitor for my steam deck with Immersed is super awesome, i don‚Äôt even need Xreal Glasses now",48,0.89,18,2024-02-03 23:05:41,53,5,71
623,1ai1hk6,First impression of Vision Pro from a VR user with highest PPD& biggest FOV PCVR hmds,125,0.86,70,2024-02-03 17:36:50,145,20,215
624,1ainejg,Any liminal spaces VR games?,3,0.8,7,2024-02-04 13:02:08,3,0,10
625,1aj6zq2,Why recent vr headsets don't have AI 2D ti 3D conversion like lume pad 2?,0,0.27,7,2024-02-05 03:38:25,0,0,7
626,1aip728,Can you play Xbox or playstation With apple vision pro ?,3,0.63,15,2024-02-04 14:34:07,4,1,19
627,1aip5dw,Watch Disney+ 3d movies without a Vision Pro ?,1,0.57,9,2024-02-04 14:31:50,1,0,10
628,1aikx16,Which Headsets have no longer visible pixel grid?,5,0.78,16,2024-02-04 10:24:20,6,1,22
629,1aitp1o,Are there any good VR battle Royales with realistic guns?,1,1.0,15,2024-02-04 17:48:02,1,0,16
630,1ai0ed3,Quest user just came out of Vision Pro Demo. Speechless. Emotional experience.,94,0.59,286,2024-02-03 16:49:17,159,65,445
631,1aikfn3,Feedback wanted!,5,1.0,0,2024-02-04 09:51:35,5,0,5
632,1ahwoyo,Why is everyone comparing the Quest 3 to Alien Vs Predator?,150,0.82,28,2024-02-03 13:58:44,182,32,210
633,1ahmnaa,Apple Vision Pro Spatial awareness is incredible,794,0.91,243,2024-02-03 03:37:28,872,78,1115
634,1aim98j,Injector for Quake II (idtech 2)?,2,0.75,14,2024-02-04 11:53:22,2,0,16
635,1ahz9v9,Multiplayer Co-Location in VR is awesome,66,0.9,9,2024-02-03 15:59:58,73,7,82
636,1aiohww,Is VR feeling less immersive to anyone else?,0,0.4,8,2024-02-04 13:59:53,0,0,8
637,1ahwmbg,Apple Vision Pro Initial Thoughts - From a Quest 3 User,85,0.69,90,2024-02-03 13:55:05,123,38,213
638,1ai6e8q,Apple Vision Pro 30 Minute Demo Review (Non-Weak Neck User),21,0.63,75,2024-02-03 21:14:08,33,12,108
639,1aint0r,Is it possible to connect Windows Mixed Reality controllers to Oculus Rift S using Driver4vr?,0,0.5,8,2024-02-04 13:23:55,0,0,8
640,1aik3ci,PC VR headset with pancake lenses,2,0.63,9,2024-02-04 09:28:55,3,1,12
641,1aihk9t,Apple got some of y'all like this RN and I'm dying laughing.,2,0.58,0,2024-02-04 06:39:00,3,1,3
642,1ai96vw,iFixit: Vision Pro Teardown,12,0.83,1,2024-02-03 23:18:25,14,2,15
643,1ai4pz6,"This ""Body simulating engine"" is revolutionary for vr and deserves more attention. Once its finished it should become a standard!",15,0.94,3,2024-02-03 20:00:27,15,0,18
644,1aikp90,Buying the AVP without knowing FOV is like buying a phone without knowing the screen size,2,0.54,15,2024-02-04 10:09:23,3,1,18
645,1aika2c,How can I play flat screen games on VR?,0,0.5,6,2024-02-04 09:41:30,0,0,6
646,1aik4yz,Looking for suggestions :3,0,0.33,2,2024-02-04 09:31:51,0,0,2
647,1aiyt78,"Fellas, do the PSVR2‚Äôs issues actually not matter?",0,0.28,29,2024-02-04 21:16:25,0,0,29
648,1aiebmv,the thing no one will say about Apple Vision Pro,1,0.52,4,2024-02-04 03:31:15,1,0,5
649,1ahelwn,Vision pro size comparison to the quest 3,474,0.92,186,2024-02-02 21:20:43,515,41,701
650,1ai02q5,Are base stations still worth it in 2024 ?,14,0.75,29,2024-02-03 16:34:50,18,4,47
651,1ahvz8n,It never occurred to me to use UEVR on Unreal Engine tech demos...,22,0.82,5,2024-02-03 13:21:17,26,4,31
652,1ahns01,Just spent 3 hours in the AVP - first impressions.,110,0.76,137,2024-02-03 04:38:31,144,34,281
653,1ai7kzr,Final thesis survey,4,1.0,3,2024-02-03 22:06:29,4,0,7
654,1ahtx03,This game was made for VR! // Hypercharge Unboxed,27,0.89,4,2024-02-03 11:16:16,30,3,34
655,1ai6ehe,Why does Arizona Sunshine 2 on PC require 42GB of storage while the PSVR2 version only requires 16GB of storage?,5,0.73,4,2024-02-03 21:14:26,6,1,10
656,1ahzov2,Anyone using VR to help with anxiety?,9,0.8,10,2024-02-03 16:17:53,11,2,21
657,1air5f2,Meta Quest 3 or Wait for Valve Deckard?,0,0.22,49,2024-02-04 16:01:49,0,0,49
658,1aijwtf,My concept for a vr alien apocalypse.,0,0.29,1,2024-02-04 09:16:18,0,0,1
659,1aidxwa,"I‚Äôve seen some stuff online about computer monitors that are see through/transparent. Assuming it‚Äôs not legitimate, how come AR works through exterior cameras feeding you reality as opposed to just superimposing images through a transparent monitor onto actual reality?",2,0.58,19,2024-02-04 03:11:06,3,1,22
660,1aippht,"Is it difficult for a full vr world to be created for the apple vision pro in the next 5 years, with its own ecosystem and exploration, that includes motion tracking for travel?",0,0.15,9,2024-02-04 14:58:37,0,0,9
661,1aidhjq,How feasible is large fov with micro oled?,1,1.0,7,2024-02-04 02:47:25,1,0,8
662,1aini9y,Tips & Tricks on Travel with Vision Pro on a Plane (and others reaction),0,0.23,0,2024-02-04 13:07:58,0,0,0
663,1ahveyf,Week 2: Quest 3 coming from HP Reverb G2,13,0.88,6,2024-02-03 12:50:46,14,1,20
664,1aijqai,We are entering the normieverse,0,0.39,17,2024-02-04 09:04:11,0,0,17
665,1aibsam,Why is Blade & Sorcery in my Library on my Desktop but not inside VR?,0,0.5,0,2024-02-04 01:20:14,0,0,0
666,1ai6rws,I'm a programmer and i recently got Quest 3 and wanted to test if I can code in VR. The purpose of this test was to explore the future of software development. Here is my experience.,2,0.6,5,2024-02-03 21:30:50,3,1,8
667,1aibeug,Test Driving Cars | Spatial Entertainment Mixed Reality,2,0.62,0,2024-02-04 01:01:36,3,1,3
668,1ahetya,Can we have a little perspective please?,156,0.8,160,2024-02-02 21:30:29,195,39,355
669,1aib3wf,which headset should i buy?,1,0.67,6,2024-02-04 00:46:46,1,0,7
670,1aib3dm,Does Praydog's RE4 remake mod have motion controls yet?,1,0.6,8,2024-02-04 00:46:02,1,0,9
671,1ahv71v,"Question about 3D movies, particularly *Avatar*.",9,0.91,18,2024-02-03 12:37:23,9,0,27
672,1ai0l2t,Ruff Talk VR Gaming Showcase 2024,3,0.62,1,2024-02-03 16:57:38,4,1,5
673,1ai5gni,Any R6 style game in VR?,2,1.0,5,2024-02-03 20:33:22,2,0,7
674,1aiafv9,Why do headsets use small cameras for passthrough ?,0,0.43,11,2024-02-04 00:15:05,0,0,11
675,1aigr3p,What will an Apple Vision Air/SE look like and be priced at ?,0,0.33,7,2024-02-04 05:49:24,0,0,7
676,1aiqdbu,Apple Vision Pro is not a VR headset,0,0.31,16,2024-02-04 15:27:44,0,0,16
677,1ahggey,First Impression - Vision Pro,80,0.86,59,2024-02-02 22:39:50,93,13,152
678,1ah4av3,Vision Pro has a driving mode,380,0.84,95,2024-02-02 13:59:15,452,72,547
679,1ahzl7e,Good enough for work? (Coding),3,0.8,13,2024-02-03 16:13:33,3,0,16
680,1aieuh7,What the hell,0,0.47,9,2024-02-04 04:00:07,0,0,9
681,1aipg8n,The one thing that bothers me about the AVP release,0,0.13,25,2024-02-04 14:46:20,0,0,25
682,1ai6u3x,Review and ranking of only the form factor and weight of Vision Pro,2,0.62,1,2024-02-03 21:33:35,3,1,4
683,1ai6huv,Confusing the heck out of myself right now,1,0.6,1,2024-02-03 21:18:38,1,0,2
684,1ai61id,Casey Neistat‚Äôs absolute wild Vision Pro Video,0,0.48,27,2024-02-03 20:58:33,0,0,27
685,1ai5p6u,Quest 2 recommended for PC or no?,1,1.0,3,2024-02-03 20:43:50,1,0,4
686,1ai5ijg,Do you think we will start to see video recordings make use of depth sensors?,1,0.67,1,2024-02-03 20:35:37,1,0,2
687,1ai4vqx,Need Advice from VR artists: Octane render is a good shot?,1,1.0,1,2024-02-03 20:07:17,1,0,2
688,1ai4o9g,Quest 3 controller haptics don't always trigger,1,0.67,3,2024-02-03 19:58:21,1,0,4
689,1ai3x8h,PC hardware requirement for games released for Quest 2,0,0.5,1,2024-02-03 19:24:44,0,0,1
690,1ahrq31,Offroad MotorBike On App Lab (Meta Store) v1.0.2,8,0.83,6,2024-02-03 08:46:45,9,1,15
691,1ah41f9,"Quest 3 Is Now The 3rd Most Used Headset On Steam, Rapidly Approaching Valve Index",233,0.95,83,2024-02-02 13:46:41,245,12,328
692,1ahy5ym,Privacy minded headset,1,0.57,4,2024-02-03 15:08:47,1,0,5
693,1ai33nv,I'm looking to buy a vr headset however not sure which one to get and don't know too much about them,1,1.0,2,2024-02-03 18:47:50,1,0,3
694,1aig33o,Apple vs. Android: The VR Platform Wars Have Begun! ft. Ben Lang (Road to VR),0,0.18,1,2024-02-04 05:09:42,0,0,1
695,1ah17pd,"Quest 3 Launch Drove Highest Ever Meta Reality Labs Quarterly Revenue, Over $1 Billion",277,0.95,106,2024-02-02 11:06:17,291,14,397
696,1aicj72,Casey Neistats Vision Pro video can be recreated with a Quest3,0,0.31,2,2024-02-04 01:57:56,0,0,2
697,1ahvx9u,"Looking for a new VR set up, advice on content libraries comparison",2,0.75,7,2024-02-03 13:18:22,2,0,9
698,1ahnrkv,"Best PCVR headset, no base stations",7,0.69,36,2024-02-03 04:37:50,10,3,46
699,1ah7cut,Jesse what,70,0.9,3,2024-02-02 16:14:21,77,7,80
700,1ahts6h,Can Vision Pro play VR180 ? and can you stream videos from a PC to Vision Pro ?,2,0.6,9,2024-02-03 11:07:50,3,1,12
701,1ahn399,Vision Pro Tribute from a Quest User > Vision Pro Headband Adapters for Quest 3,9,0.62,14,2024-02-03 04:01:09,14,5,28
702,1ahdu2k,SadlyItsBradley - VisionPro Livestream,28,0.63,34,2024-02-02 20:48:35,44,16,78
703,1ah8ig6,We've been experimenting with our game on Vision Pro,44,0.82,5,2024-02-02 17:02:38,53,9,58
704,1ahnvpn,Meta Quest 3 or PSVR2?,5,0.69,43,2024-02-03 04:44:15,7,2,50
705,1ai906l,Anyone feel like apple vision is going to negatively effect vr in the long run,0,0.42,31,2024-02-03 23:10:05,0,0,31
706,1ai0x3f,Is there a Meta quest 3.4 or pro on the horizon?,0,0.25,7,2024-02-03 17:11:55,0,0,7
707,1ahvjp2,"My Oculus Rift CV1 is giving me issues, thinking of getting a new VR device",0,0.4,7,2024-02-03 12:58:38,0,0,7
708,1ahv0p8,OSU on Vision Pro,1,0.6,3,2024-02-03 12:26:56,1,0,4
709,1ahuv49,Is the Quest 3 capable of making the realistic avatars that the AVP is?,0,0.5,6,2024-02-03 12:17:29,0,0,6
710,1ah5pv8,Vision Pro Preview: Early Thoughts on My Time Inside Apple‚Äôs First Headset,52,0.79,25,2024-02-02 15:01:52,65,13,90
711,1aie8fs,"Now that the Vision Pro is out, how long do you think we have until physical monitors are mostly or completely phased out?",0,0.2,33,2024-02-04 03:26:36,0,0,33
712,1ahuivc,"What options do we have for natural motion in VR at the moment, in terms of treadmills?",0,0.5,1,2024-02-03 11:56:46,0,0,1
713,1ahp3ti,Meta Quest 2 - Thumbstick Drift,3,0.8,4,2024-02-03 05:54:32,3,0,7
714,1ah31qe,Meta Quest receives spatial video and gesture support as company hopes the Apple Vision Pro can save mixed reality,65,0.71,50,2024-02-02 12:57:03,91,26,141
715,1ai9xe3,Apple Vision Pro vs Oculus shift CV1 side by side size comparison,0,0.14,5,2024-02-03 23:51:34,0,0,5
716,1ah2qkq,Zenith is Going Free To Play With a Separate Mode,67,0.89,29,2024-02-02 12:40:16,75,8,104
717,1ahslhm,Is it possible to use a Quest 2 with only hand tracking?,1,0.67,1,2024-02-03 09:46:39,1,0,2
718,1ah9412,Puzzling places launches today on Vision Pro,21,0.77,12,2024-02-02 17:28:13,27,6,39
719,1agwn0q,"Palmer Luckey posts comparison of two magazine covers, possibly two defining moments for future VR/MR/Spatial Computing",169,0.82,71,2024-02-02 05:50:59,206,37,277
720,1ahrwq2,Router settings,1,1.0,10,2024-02-03 08:59:20,1,0,11
721,1ah5yyi,A Tale of Two Subreddits: Optimism in r/VisionPro vs. Cynicism in r/VirtualReality,25,0.6,121,2024-02-02 15:12:56,41,16,162
722,1ahb8x1,"Quest 3 users that have not used pancake lens headsets before, have the pancake lenses lived up to the hype for you?",13,0.68,57,2024-02-02 18:58:15,19,6,76
723,1aibjmh,Meta will lose market share if they continue current direction,0,0.14,35,2024-02-04 01:08:13,0,0,35
724,1ahd4bq,"This is the sign you've been waiting for; GET UNDERDOGS VR, to me it's already VR GOTY",8,0.62,12,2024-02-02 20:18:00,12,4,24
725,1agsaau,Quest 3 / Vision Pro true size comparison,274,0.89,219,2024-02-02 01:59:10,307,33,526
726,1ai5uc0,Do you guys like sadlyitsbradley?,0,0.35,27,2024-02-03 20:49:58,0,0,27
727,1ahy39z,Apple Vision Pro Durability Test,0,0.38,0,2024-02-03 15:05:15,0,0,0
728,1ahv10j,Pico 4 vs quest pro which better?,0,0.17,19,2024-02-03 12:27:32,0,0,19
729,1ahll3n,"Trying out the New Wordle and Crossword Inspired MR Game, Wordomi | Gameplay",2,0.6,0,2024-02-03 02:41:30,3,1,3
730,1ah4od8,Spatial video playback support on QuestOS v62,19,0.88,12,2024-02-02 14:16:15,21,2,33
731,1ai1179,why is no one making cheap pcvr?,0,0.36,36,2024-02-03 17:16:58,0,0,36
732,1ahvvuu,Apple Vision Pro vs Meta Quest 3: Key Differences Explained,0,0.44,7,2024-02-03 13:16:19,0,0,7
733,1agu539,Why Aren't More People Into VR Gaming?,112,0.86,353,2024-02-02 03:31:14,130,18,483
734,1ah9hk2,NEW UPCOMING VR FITNESS GAME,9,0.84,4,2024-02-02 17:43:57,10,1,14
735,1ahizav,Extreme Frameloss with good Hardware in VR Mode on decent Games/Resolution,2,1.0,7,2024-02-03 00:31:13,2,0,9
736,1agxuyb,Steam VR Hardware Survey: January 2024,51,0.97,14,2024-02-02 07:07:57,52,1,66
737,1ahu98l,"Compiled all interesting use cases of Vision Pro from Twitter, Reddit etc.",0,0.36,2,2024-02-03 11:38:56,0,0,2
738,1ahb8w9,Exit Suit Plans Opensourced,5,0.86,1,2024-02-02 18:58:14,5,0,6
739,1ahbuza,Pc shutdown everytime i play pcvr games like half life alyx and blade and sorcery,4,1.0,4,2024-02-02 19:23:52,4,0,8
740,1ah9y1p,Is this as cool as it sounds?,6,0.75,1,2024-02-02 18:02:50,8,2,9
741,1ah408c,Apple Vision Pro demo,11,0.62,1,2024-02-02 13:45:01,17,6,18
742,1ah3z12,"Meta Quest v62 Update: Spatial Video Playback, Gamepad Support for Meta Quest Browser, and More",10,0.82,3,2024-02-02 13:43:22,12,2,15
743,1ahc17p,Is the Apple Vision Pro really that revolutionary? This feels like the invention of the Segway. What am I missing?,4,0.53,73,2024-02-02 19:31:15,7,3,80
744,1agd9qd,Revolutionary,483,0.88,244,2024-02-01 15:14:24,548,65,792
745,1ahj7ce,Possibilities of the environments feature of the Apple Vision Pro,1,0.57,14,2024-02-03 00:41:57,1,0,15
746,1agid4j,The future of controllerless gaming!,237,0.9,80,2024-02-01 18:49:46,263,26,343
747,1agiwtz,Synth Riders is getting a day one port to the vision pro (gameplay vision üëá) ,210,0.9,58,2024-02-01 19:11:49,233,23,291
748,1ah1exl,Why majority are not excited for Visor 4K or talk about it?,8,0.59,64,2024-02-02 11:19:38,13,5,77
749,1ah97v0,Did someone already compared vision pro passthrough quality to varjo xr3 /4 ?,3,0.8,7,2024-02-02 17:32:32,3,0,10
750,1ahhlrd,Sync Video between friends,1,1.0,2,2024-02-02 23:29:11,1,0,3
751,1ahghf4,DJI Integra Video input,1,1.0,1,2024-02-02 22:40:56,1,0,2
752,1ahpa69,"Pimax Crystal vs Vision Pro, comparison in cold and objective numbers",0,0.39,25,2024-02-03 06:04:45,0,0,25
753,1aher8d,Saints And Sinners chapter 2 Virtual Desktop fix? Any ideas?,1,1.0,0,2024-02-02 21:27:08,1,0,1
754,1ahjpd3,"Quest 3 makes my eyes feel itchy and irritated within about 10 minutes, quest 2, quest 1, and PSVR1 didn‚Äôt, what‚Äôs the deal?",0,0.29,7,2024-02-03 01:06:07,0,0,7
755,1agiyy0,"Meta has finally listened and updated Quest Link on V62. RTX 4000 Series cards are now supported and it now works with 120HZ, plus other improvements and changes to make Quest Link better (Look at the patch notes to see em). I‚Äôm glad Meta actually cared enough to make PCVR actually better!",113,0.96,78,2024-02-01 19:14:19,117,4,195
756,1agbw6x,Vacuuming - Gamified Edition,254,0.9,36,2024-02-01 14:12:07,282,28,318
757,1ahb3r1,Is a headset that uses a PC/dedicated system to stream to the device possible?,2,0.62,13,2024-02-02 18:51:56,3,1,16
758,1aha21s,Could i sell my Rift S to buy a newer headset?,0,0.5,4,2024-02-02 18:07:30,0,0,4
759,1ah9y65,When is the fabled Valve Deckard coming to us? Guess,1,0.53,19,2024-02-02 18:02:59,1,0,20
760,1ah4cni,Is steam link enough?,2,0.63,13,2024-02-02 14:01:16,3,1,16
761,1agnxr8,Brian Tong says VR180 videos made by Apple are in HDR (High Dynamic Range). Isn't that a first for VR180?,33,0.73,43,2024-02-01 22:42:31,45,12,88
762,1ah8wfm,I killed my Hawk..,0,0.5,6,2024-02-02 17:19:02,0,0,6
763,1aggeca,I bought a $5 USB pedal to play drums in VR and it works,69,0.94,9,2024-02-01 17:27:06,73,4,82
764,1ah7fp2,Roger Lannes de Montebello: A 40-Year Quest for 3-D Photography,1,0.67,1,2024-02-02 16:17:39,1,0,2
765,1agq0t4,Vive Ultimate Trackers Now Have Beta Support For PC VR,20,0.95,17,2024-02-02 00:12:18,21,1,38
766,1ahog3e,Should I take Brad first impressions seriously or is he Biased?,0,0.37,82,2024-02-03 05:16:02,0,0,82
767,1ahhz34,Meta quest without account.,0,0.36,26,2024-02-02 23:45:16,0,0,26
768,1agl1hc,The AVP battery cable is removable afterall.,31,0.71,72,2024-02-01 20:40:49,43,12,115
769,1ah5jcd,Trying to find a good Quest 3 gun stock for Clay Hunt that doesn't cost hundreds of dollars. Anyone try the Featherlight Max?,1,0.67,1,2024-02-02 14:53:54,1,0,2
770,1ah5260,Payments in VR,1,0.67,9,2024-02-02 14:33:20,1,0,10
771,1ah4lpk,Is there any reason to have a hard shell facial interface anymore?,1,0.6,1,2024-02-02 14:12:40,1,0,2
772,1ahcp0r,This CANT be IT! | Lethal Company Vr #4,0,0.4,1,2024-02-02 19:59:57,0,0,1
773,1agdx9a,Watch till the end üêÑ art by VRMistkinya,62,0.91,9,2024-02-01 15:43:22,68,6,77
774,1ah3ruy,Feel the Magic of VR with VUZ: The Premier Live 360 App for iPhone,1,1.0,1,2024-02-02 13:33:45,1,0,2
775,1ah3lu7,an electric precision puzzle platformer (ArcSine Demo Review),0,0.5,1,2024-02-02 13:25:26,0,0,1
776,1agzyt7,EARTH DEFENSE FORCE: IRON RAIN | praydog UEVR |,3,0.67,0,2024-02-02 09:39:29,4,1,4
777,1ah2sp3,So where are the Personna eye stickers for Quest 3?,0,0.5,0,2024-02-02 12:43:28,0,0,0
778,1ah2rtq,Was looking around and found a vive pro 1 full kit with base stations and controllers for 750 aud is it worth it?,0,0.33,10,2024-02-02 12:42:08,0,0,10
779,1ah28t1,Tired legs,1,0.6,14,2024-02-02 12:11:33,1,0,15
780,1ah1u93,Is this the best I can get it?,0,0.5,44,2024-02-02 11:47:11,0,0,44
781,1agfr14,Turning concept arts into VR environments,30,0.97,2,2024-02-01 17:00:34,30,0,32
782,1ah5shz,Quest 3 or Pico 4?,0,0.38,15,2024-02-02 15:05:01,0,0,15
783,1agsurl,Q3 is now the #3 headset on SteamVR,5,0.69,4,2024-02-02 02:26:25,7,2,11
784,1ah0vjq,What is a good alternative to fullbody tracking with PCVR?,0,0.5,11,2024-02-02 10:44:01,0,0,11
785,1agjux3,Rogue Stargun - VR Starfighter Sim for the Quest Releases Today on Applab!,15,0.95,1,2024-02-01 19:51:56,15,0,16
786,1agiuc2,Virtual Hunter - Lovna Dolina Reserve Rework Coming Soon!,15,0.86,16,2024-02-01 19:08:57,17,2,33
787,1agzb4t,I Have a very unique question on Vacation Simulator. I Spoiler tagged this just incase.,1,1.0,0,2024-02-02 08:51:41,1,0,1
788,1agl1eg,"""plasticky"" graphics through the lens even for games that try to emulate ""real world"" look",9,0.85,13,2024-02-01 20:40:43,10,1,23
789,1ah8jsr,What QuestOS would like if Apple made it...,0,0.38,0,2024-02-02 17:04:08,0,0,0
790,1afuqvo,Metro Awakening | Announce Trailer | Meta Quest + PS VR2 + Steam VR,437,0.97,228,2024-01-31 22:29:18,450,13,678
791,1agb69n,Have you got the chance to play the Far cry VR mod ?,22,0.9,13,2024-02-01 13:37:28,24,2,37
792,1agh912,An early look at Apple spatial video playback on Meta Quest via Mark Zuckerberg's Instagram channel.,9,0.74,14,2024-02-01 18:03:09,12,3,26
793,1agiayt,What do I get with bigscreen beyond for full body tracking?,8,0.9,9,2024-02-01 18:47:16,8,0,17
794,1agjyxz,How do you get the centre screw out? Anyone else found it to be tight?,6,0.69,10,2024-02-01 19:56:38,8,2,18
795,1agl0l2,Legendary Tales 1.0 (and PSVR2) Reveal trailer,7,0.89,8,2024-02-01 20:39:49,7,0,15
796,1aguvud,Does anyone use OpenVR Input Emulator for SteamVR ?,1,1.0,0,2024-02-02 04:11:32,1,0,1
797,1agukmh,Whats better for wired pcvr the og htc vive or the meta quest 2,0,0.4,12,2024-02-02 03:54:35,0,0,12
798,1agprd4,Tundra Trackers available on EOZ :),2,1.0,0,2024-02-02 00:01:00,2,0,2
799,1ag7yjd,AVP?,19,0.71,23,2024-02-01 10:28:52,26,7,49
800,1agh6m7,HOLY LIVING,6,0.58,3,2024-02-01 18:00:32,10,4,13
801,1ah4y7d,Meta Quest 3 rushes spatial video support to take on Apple Vision Pro,0,0.33,6,2024-02-02 14:28:40,0,0,6
802,1afvxk3,Metro Awakening VR available for wishlist on Steam Store,150,0.95,36,2024-01-31 23:18:46,157,7,193
803,1agdl4o,"Trailer for upcoming VR game Rock and Roots, coming to STEAM",7,0.82,0,2024-02-01 15:28:26,8,1,8
804,1agddjd,Livestream mocap saved in unity for VR Dating sim game,7,0.89,1,2024-02-01 15:19:07,7,0,8
805,1agn0c2,Q2 vs Q3 for best wireless PCVR experience,2,0.67,16,2024-02-01 22:03:44,2,0,18
806,1agy9xm,Make High Contrast LCD VR Headsets?,0,0.17,11,2024-02-02 07:37:01,0,0,11
807,1agqvw6,Should I buy my friends vive cosmos elite + index controllers for $400? is this a good deal?,1,0.56,13,2024-02-02 00:51:59,1,0,14
808,1ag3tvj,Super Excited for AppleVisionPro but lets not forget that Quest 3 has some Spatial Computing & Spatial Entertainment right now!,31,0.63,43,2024-02-01 05:45:51,49,18,92
809,1afuow2,I did it. I got a room for VR,114,0.96,27,2024-01-31 22:26:59,118,4,145
810,1agaof5,Is there a way to record VR game gameplay in 3D?,6,1.0,6,2024-02-01 13:12:22,6,0,12
811,1agn4g1,Pcvr & quest 3 / PSVR2,0,0.5,6,2024-02-01 22:08:34,0,0,6
812,1agn1mq,Android help,1,1.0,3,2024-02-01 22:05:12,1,0,4
813,1agmxqd,Upgrading Reverb G2 to Quest 3?,1,0.6,3,2024-02-01 22:00:48,1,0,4
814,1afd1al,Expectation vs. Reality (AVP EyeSight),962,0.92,333,2024-01-31 08:17:24,1045,83,1378
815,1afvm3i,"Well, looks like today's announcement has clarified the Paradox of Hope situation, hasn't it? Anyway, take a look at this cozy campfire by the entrance to the anomaly zone in my new game - CONVRGENCE.",60,0.93,15,2024-01-31 23:05:17,64,4,79
816,1aglnxc,They should make a Star Wars game where you deflect blaster bolts,0,0.47,27,2024-02-01 21:06:49,0,0,27
817,1agllhw,Our physics-driven superhero sandbox Demigod just hit 1.0 on Quest!,1,0.6,0,2024-02-01 21:03:51,1,0,1
818,1agfvqx,Missed opportunity in VR gaming?,3,0.67,20,2024-02-01 17:05:44,4,1,24
819,1afz27p,Bigscreen Beyond - Dodging request for refund,35,0.83,38,2024-02-01 01:40:36,42,7,80
820,1agf617,Do you think the Immersed Visor is a scam ?,2,0.56,35,2024-02-01 16:36:22,3,1,38
821,1agez9n,Questions on 1st pc vr setup.,2,0.75,12,2024-02-01 16:28:26,2,0,14
822,1agyhgh,Vision Pro is like PDA in its time,0,0.32,18,2024-02-02 07:52:01,0,0,18
823,1agj896,Our physics-driven superhero simulator Demigod just hit 1.0 on Meta Quest and SteamVR!,1,1.0,1,2024-02-01 19:25:08,1,0,2
824,1agj0ke,Death Horizon: Reloaded | MIXED REALITY UPDATE | Meta Quest 2 (Pro) + Meta Quest 3,0,0.5,1,2024-02-01 19:16:17,0,0,1
825,1afjs00,MKBHD: Using Apple Vision Pro: What It‚Äôs Actually Like!,168,0.88,215,2024-01-31 15:00:32,190,22,405
826,1agcfuz,Mario 64 UEVR Mixed Reality Gameplay & Guide,3,0.71,0,2024-02-01 14:36:38,4,1,4
827,1afwr5e,Just as expected: Quest 2 by far the most popular headset,22,0.7,46,2024-01-31 23:54:01,31,9,77
828,1afpm98,Is this good for VR motion sickness?,60,0.83,64,2024-01-31 19:01:53,72,12,136
829,1afvfjj,Jesus I knew my eyes were close but damn. Am I cooked?,27,0.92,7,2024-01-31 22:57:55,29,2,36
830,1ag2z4w,Are bhaptics stuff worth it ?,8,0.91,7,2024-02-01 04:57:59,8,0,15
831,1agolsp,Meta headsets sales down 40% in 2023.,0,0.47,34,2024-02-01 23:10:32,0,0,34
832,1ag8h3c,Contractors montage,2,0.6,2,2024-02-01 11:03:11,3,1,5
833,1agks6e,Quest 3 - Kobra VR Blitzer Gunstock Review & Setup Guide,0,0.2,0,2024-02-01 20:30:03,0,0,0
834,1agbzvo,Just wanted to check if this odd text effect was normal on quest 3.,0,0.5,2,2024-02-01 14:16:55,0,0,2
835,1afuxng,Legendary Tales - 1.0 Release on Feb 8th,18,0.95,4,2024-01-31 22:36:55,18,0,22
836,1agbbw8,Subnautica Below Zero: SubmersedVR Mod Performance Question,0,0.5,3,2024-02-01 13:45:31,0,0,3
837,1agpjss,"Unveiling the Apple $3,500 Vision Pro Headset: Is It Worth the Hype?",0,0.31,1,2024-02-01 23:51:44,0,0,1
838,1afbh4a,Watching 5 NBA Games Simultaneously Using Apple Vision Pro,267,0.76,219,2024-01-31 06:36:26,351,84,570
839,1ag9xur,"Are these specs good? GTX 1080, i5 6600k, 16gb of ddr4 ram.",0,0.5,15,2024-02-01 12:32:52,0,0,15
840,1afjbl6,Full Facetime persona call with Brian Tong.,56,0.83,49,2024-01-31 14:39:41,67,11,116
841,1ag9t4x,SteamVR dashboard causes extreme lag upon opening.,1,1.0,3,2024-02-01 12:25:35,1,0,4
842,1afrakw,VR Accessibility and Performance / Blind In One Eye - Am I Doomed To Always Have A Substandard Experience?,17,0.87,8,2024-01-31 20:09:41,19,2,27
843,1ag09gq,VR / AR for Work and Productivity,6,1.0,1,2024-02-01 02:38:23,6,0,7
844,1ag1gb1,Games that make you sweat without feeling like exercise games. Think pistol whip and Until you fall,4,0.75,37,2024-02-01 03:37:26,5,1,42
845,1afqfxw,"How would an Underwater Sky look like? üê† We just launched a new platform experience on Meta Quest via App Lab, Sky Climb! What do you guys think about it?",17,0.9,1,2024-01-31 19:35:12,18,1,19
846,1afl6k1,"In the verge‚Äôs most recent Apple review, he said AR/VR with video passthrough is a dead end and optical is the only way, thoughts?",30,0.69,112,2024-01-31 16:01:47,43,13,155
847,1agh74x,You'll find out...,0,0.33,1,2024-02-01 18:01:03,0,0,1
848,1ag7gzk,VR flat gaming advice,1,1.0,3,2024-02-01 09:53:37,1,0,4
849,1ag45ef,Picked up a new G2 V2 for 200$,2,0.63,6,2024-02-01 06:04:21,3,1,9
850,1afpcw5,Microsoft Teams available on Apple Vision Pro on February 2 - MS Teams Blog,11,0.82,4,2024-01-31 18:51:48,13,2,17
851,1afzc4c,Dongle for earbuds drains battery when not in use.,3,1.0,15,2024-02-01 01:54:05,3,0,18
852,1agldnq,The most remarkable thing about the AVP is what they don't talk about in the reviews.,0,0.36,20,2024-02-01 20:55:07,0,0,20
853,1afnl82,AVP biggest feature is ... a Multi-Monitor setup,11,0.58,68,2024-01-31 17:40:46,18,7,86
854,1ag4hhr,[Update] Darksword Battle Eternity Season 2 Begins!,0,0.5,0,2024-02-01 06:24:40,0,0,0
855,1ag3ue3,Vision Pro or AR Foundation,0,0.4,5,2024-02-01 05:46:48,0,0,5
856,1afrd9a,Super 1-1 Challenge + UEVR,5,0.86,2,2024-01-31 20:12:38,5,0,7
857,1afqf6j,Playstation State of Play starts in 2 hours (Metro VR game reveal according to leaks and more),6,0.8,1,2024-01-31 19:34:24,7,1,8
858,1ag1gcz,Motherboard and CPU?,1,1.0,5,2024-02-01 03:37:32,1,0,6
859,1afl64y,MKBHD Vision Pro Review,6,0.58,2,2024-01-31 16:01:18,10,4,12
860,1afl85a,"Full FaceTime call with Vision Pro - Tong, Justine, MKBHD",7,0.65,12,2024-01-31 16:03:42,10,3,22
861,1ag08kc,custom virtual display occulus quest 3,0,0.5,6,2024-02-01 02:37:10,0,0,6
862,1afzuls,Quest 2 vs Quest 3 Field of View,0,0.4,5,2024-02-01 02:18:47,0,0,5
863,1afzhtz,VR 360 Skyscraper Roller Coaster Experience _04 |4K|,0,0.5,0,2024-02-01 02:01:44,0,0,0
864,1afr19p,Is it possible to slave mouse aim in a video game to the center of my sight?,3,0.71,7,2024-01-31 19:59:46,4,1,11
865,1afzecb,Smashbox Arena,1,1.0,4,2024-02-01 01:57:13,1,0,5
866,1agagsv,Is Aurora R16 (RTX 4090 and i14900KF) with 64GB RAM capable enough?,0,0.1,7,2024-02-01 13:01:23,0,0,7
867,1ag5l9o,LastPass on Quest3,0,0.14,2,2024-02-01 07:39:25,0,0,2
868,1aexzlt,Verge review confirms many of the pre-launch issues suspected regarding the Vision Pro,229,0.86,367,2024-01-30 20:10:31,266,37,633
869,1af3za7,The Verge's 1 hour Vergecast Review of Vision Pro is infinitely more fun and detailed than the website review,105,0.78,89,2024-01-31 00:17:49,134,29,223
870,1aft2j8,Cyberpunk 2077 Luke Ross VR,2,0.75,6,2024-01-31 21:21:03,2,0,8
871,1afnou3,Hellsplit Arena campaign mod?,3,1.0,2,2024-01-31 17:44:47,3,0,5
872,1afwhpg,Reccomendations for a new headset (on a budget),0,0.5,5,2024-01-31 23:42:35,0,0,5
873,1afw7w9,any new innovations in vr locomotion?,1,1.0,7,2024-01-31 23:30:51,1,0,8
874,1afpvkp,How expensive is full body tracking?,0,0.5,15,2024-01-31 19:12:07,0,0,15
875,1agb482,Vision Pro will constitute only 2.5% of Apple's total revenue,0,0.2,9,2024-02-01 13:34:34,0,0,9
876,1afjqmx,"Does anyone else think the original YAW motion seat was a much better, much more mass consumer friendly design?",5,0.65,10,2024-01-31 14:58:53,7,2,17
877,1afzkdk,Metro VR + vertigo Games,0,0.44,3,2024-02-01 02:05:05,0,0,3
878,1afnuir,Is it actually possible to use the pico4 with the quest 2 controllers? For PCVR,3,0.64,8,2024-01-31 17:51:03,4,1,12
879,1afsxom,HaritoraX Configurator loading wrong version,0,0.5,0,2024-01-31 21:15:41,0,0,0
880,1aepayx,"Apple Vision Pro review: magic, until it‚Äôs not",296,0.89,461,2024-01-30 14:10:56,332,36,793
881,1afsnph,Quest 3 vs AR Xreal Air 2 Pro for productivity,0,0.5,6,2024-01-31 21:04:35,0,0,6
882,1afj7y5,D-Day Enhanced Patch Notes 1.07 | PSVR2 Exclusive,4,0.83,0,2024-01-31 14:34:52,4,0,4
883,1af11c4,So what does the Vision Pro do worse than other headsets?,59,0.73,207,2024-01-30 22:13:44,80,21,287
884,1aflbnk,VR Health and Wellness Proposal for a Work Environment?,2,1.0,3,2024-01-31 16:07:55,2,0,5
885,1afqgho,"UEVR with knuckles controller, how to setup?",0,0.5,0,2024-01-31 19:35:50,0,0,0
886,1afpd5i,"Unsure as to why, but I'm starting to get motion sick.",1,0.66,6,2024-01-31 18:52:04,1,0,7
887,1afei81,"Fast Travel Games delivers record holiday sales, but studio CEO says VR market must ""define itself""",5,0.86,1,2024-01-31 10:03:45,5,0,6
888,1afoj20,What gunstock cups will fit my pimax crystal controller ?,0,0.5,0,2024-01-31 18:18:24,0,0,0
889,1aepiq2,Apple Vision Pro Review Roundup,163,0.93,261,2024-01-30 14:21:04,175,12,436
890,1afmvve,Cable extension capability (rift S),0,0.4,0,2024-01-31 17:12:19,0,0,0
891,1afmnws,Red Dead Redemption 2 in 3D - Unexpected Childcare - High Settings,2,0.6,3,2024-01-31 17:03:33,3,1,6
892,1afmiuh,4060 or 3060,1,1.0,3,2024-01-31 16:58:06,1,0,4
893,1af2kq3,Galaxy Kart is now Available on Meta Quest via App Lab! üèÅ,24,0.89,0,2024-01-30 23:16:55,26,2,26
894,1afd6yo,VR headsets with variable focus distance,3,0.72,15,2024-01-31 08:28:40,4,1,19
895,1aer0db,A couple of very confusing paragraphs from the CNBC AVP review:,76,0.76,115,2024-01-30 15:28:13,100,24,215
896,1afj54y,There is only 2 days left and we‚Äôre almost there,0,0.5,5,2024-01-31 14:31:13,0,0,5
897,1af36c3,Why do you like VR?,13,0.73,62,2024-01-30 23:43:03,17,4,79
898,1aeuvfg,This 1986 VR NASA headset had 120¬∞ FOV,39,0.85,32,2024-01-30 18:05:39,45,6,77
899,1aegch8,"Apple Has Sold Approximately 200,000 Vision Pro Headsets",334,0.89,239,2024-01-30 04:55:57,375,41,614
900,1af2iou,"The Infinadeck is a real thing that works with VR, and sounds like they‚Äôre might be working on a consumer version",12,0.83,12,2024-01-30 23:14:30,14,2,26
901,1aeiq3p,Vision Pro review from someone who experienced it all,189,0.81,142,2024-01-30 07:22:47,233,44,375
902,1aeof02,Grandfather of the VR,59,0.95,4,2024-01-30 13:28:42,62,3,66
903,1aeteax,Vision Pro Review | WSJ,26,0.72,11,2024-01-30 17:06:11,36,10,47
904,1afeniv,Can Driver4VR translate Xbox controller inputs into VR controller inputs?,0,0.5,2,2024-01-31 10:14:28,0,0,2
905,1af0ufh,We NEED a quest emulator!!,9,0.64,24,2024-01-30 22:05:54,14,5,38
906,1afeedw,Need a validated video source for research,1,1.0,2,2024-01-31 09:56:05,1,0,3
907,1aet9ar,"Legendary designers Roberta and Dave Williams have returned, with a VR version of the seminal adventure game Colossal Cave -- and it's awesome",20,0.85,6,2024-01-30 17:00:54,23,3,29
908,1afduq1,Offroad MotorBike on App Lab (Meta Store),0,0.38,2,2024-01-31 09:16:51,0,0,2
909,1afouxi,The BEST Quest 3 Halo Battery Strap! - KKCOBVR Q3 PRO - Only ¬£50! üòÉüî•,0,0.13,0,2024-01-31 18:31:42,0,0,0
910,1afbsjy,Upgrade from 1080,0,0.5,12,2024-01-31 06:55:58,0,0,12
911,1aet0iv,Best bang for buck? Meta Quest 3?,15,0.73,48,2024-01-30 16:51:05,20,5,68
912,1aevzk9,Zoom launches new app for Apple Vision Pro to make hybrid collaboration more immersive,9,0.7,10,2024-01-30 18:49:45,12,3,22
913,1aez9ao,Roboquest | praydog UEVR |,4,0.63,0,2024-01-30 21:02:03,6,2,6
914,1afq58j,Am I the only one here who is 0 interested in the AVP???,0,0.38,45,2024-01-31 19:23:06,0,0,45
915,1ae3gev,Metro Awakening - new single-player VR Metro game to be announced at State of Play 2024,466,0.98,101,2024-01-29 19:13:23,475,9,576
916,1af8xzz,Looking to get a different head strap,1,0.67,7,2024-01-31 04:16:22,1,0,8
917,1af81rp,Remote computing with only an iPhone?,0,0.4,3,2024-01-31 03:31:19,0,0,3
918,1af7ba0,Put on tv,1,0.67,5,2024-01-31 02:54:48,1,0,6
919,1af6vi6,Replacement Pancake Lenses,1,0.67,7,2024-01-31 02:33:20,1,0,8
920,1afegav,Quest 3 VS Vive pro 2 or Vive pro if Wireless?,0,0.25,41,2024-01-31 10:00:14,0,0,41
921,1aexfim,Is it possible to feel motion sickness AFTER playing VR?,4,0.67,6,2024-01-30 19:47:30,5,1,11
922,1aenyka,what game is this?,8,0.75,9,2024-01-30 13:05:31,10,2,19
923,1aetds9,"Apple Vision Pro review: magic, until it‚Äôs not",3,0.55,5,2024-01-30 17:05:38,5,2,10
924,1af376c,Virtual Desktop vs Steamlink for pcvr,0,0.5,6,2024-01-30 23:44:05,0,0,6
925,1af2rsn,"After watching the Verge's review of the Apple Vision, I had a question about the technology involved",0,0.47,16,2024-01-30 23:25:26,0,0,16
926,1aeoeee,Mario 64 UEVR,6,0.75,6,2024-01-30 13:27:51,8,2,14
927,1aelz1o,Poker VR: New Features,9,1.0,2,2024-01-30 11:09:28,9,0,11
928,1aep9dm,Apple Vision Pro Unboxing!,5,0.56,3,2024-01-30 14:08:57,8,3,11
929,1af5vzb,First time buying. The easiest and best headset rn is the quest 3 correct? And do I understand correct I can use with or without pc? Some questions about it,0,0.33,2,2024-01-31 01:45:58,0,0,2
930,1afaa1i,"Will a Quest 2 continue to be relevant for 4+ years, or should I buy the Quest 3?",0,0.38,23,2024-01-31 05:27:55,0,0,23
931,1ae9mv8,"Huge VR arcade closing, tons of hardware for auction.",62,0.98,14,2024-01-29 23:29:39,63,1,77
932,1ae9wyo,Rogue Stargun - VR Starfighter game coming to the Quest Applab on February 1st,55,0.9,23,2024-01-29 23:41:51,61,6,84
933,1afdqxd,"Apple vision pro ain‚Äôt it after these reviews, what should I upgrade to",0,0.3,33,2024-01-31 09:09:18,0,0,33
934,1aej03h,Should apple have passed on the battery weight savings to its customer?,12,0.6,77,2024-01-30 07:41:16,20,8,97
935,1aexm45,"About to jump into VR for the first time, having a few questions..",0,0.5,11,2024-01-30 19:54:59,0,0,11
936,1aexk8u,autistic perspective,0,0.46,11,2024-01-30 19:52:48,0,0,11
937,1aemyoi,VR phobia,3,0.62,13,2024-01-30 12:10:22,4,1,17
938,1aex2vr,Nerf Ultimate Championship Custom Server Emulator,0,0.5,0,2024-01-30 19:33:01,0,0,0
939,1aewgfj,TOP 10 Must-Have Quest 3 VR Games Coming Out In 2024...,0,0.5,1,2024-01-30 19:08:11,0,0,1
940,1aecags,Is there a VR app where I can visit/walk around cities in other countries?,24,0.96,22,2024-01-30 01:31:50,25,1,47
941,1aeuzoq,"""BTW VR Videos on Youtube.com don't seem to work either"" AVP",0,0.48,15,2024-01-30 18:10:30,0,0,15
942,1af53w1,Vision Pro Battery is actually good long term,0,0.45,57,2024-01-31 01:09:39,0,0,57
943,1ae6gh5,Dissapointment in PCVR with Quest 3,39,0.71,122,2024-01-29 21:16:12,54,15,176
944,1ady4oc,Not my tempo VR simulator,94,0.93,11,2024-01-29 15:36:47,101,7,112
945,1af04fu,hello guys yt help fast pls,0,0.17,3,2024-01-30 21:37:02,0,0,3
946,1aeky30,Help me with some ideas for my vr game idea.,2,1.0,7,2024-01-30 10:00:18,2,0,9
947,1adq9pr,"I love VR, but I rarely play because of the hassle setting it up",210,0.87,208,2024-01-29 08:11:22,241,31,449
948,1aenzuy,Need some advice,1,0.67,1,2024-01-30 13:07:23,1,0,2
949,1af8vdy,I‚Äôve been clowning on the Vision Pro a lot recently but this alone makes me wanna buy one and ditch my quest,0,0.31,78,2024-01-31 04:13:01,0,0,78
